6611.00,24.24,26.00,102057.30,-60.78,-0.04,1.10,9.57,-6.56,-0.25,359.94,-4.38,-35.56,4.25,0.06,-0.06,-0.12,-0.04,1.12,9.74,0.00,-0.01,-0.21,0.06,0.00,0.00,1.00,
6689.00,24.24,26.00,102054.72,-60.57,-0.01,1.10,9.57,-6.56,-0.25,359.94,-3.69,-35.88,5.38,0.19,-0.06,0.06,-0.04,1.12,9.74,0.00,-0.02,-0.19,0.06,0.00,0.00,1.00,
6709.00,24.24,26.00,102059.89,-61.00,-0.05,1.09,9.55,-6.56,-0.25,359.94,-3.69,-35.88,5.38,0.06,0.06,0.06,-0.04,1.12,9.74,-0.01,-0.03,-0.18,0.06,0.00,0.00,1.00,
6728.00,24.23,26.00,102059.06,-60.93,-0.04,1.07,9.53,-6.56,-0.25,359.94,-3.69,-35.88,5.38,0.12,0.00,0.06,-0.04,1.12,9.74,0.00,-0.02,-0.16,0.06,0.00,0.00,1.00,
6752.00,24.24,26.00,102065.08,-61.42,-0.04,1.09,9.57,-6.56,-0.25,359.94,-4.06,-35.88,5.38,0.06,0.06,0.00,-0.04,1.12,9.74,0.02,0.00,-0.20,0.06,0.00,0.00,1.00,
6770.00,24.24,26.00,102057.30,-60.78,-0.04,1.09,9.52,-6.56,-0.25,359.94,-4.06,-35.88,5.38,0.06,0.12,0.06,-0.04,1.12,9.74,0.00,-0.03,-0.21,0.06,0.00,0.00,1.00,
6790.00,24.24,26.00,102065.08,-61.42,-0.04,1.09,9.52,-6.56,-0.25,359.94,-3.69,-34.75,6.56,0.12,0.00,-0.06,-0.04,1.12,9.74,0.00,-0.02,-0.18,0.06,0.00,0.00,1.00,
6814.00,24.23,26.00,102058.20,-60.86,-0.04,1.09,9.52,-6.56,-0.25,359.94,-3.69,-34.75,6.56,0.00,0.00,0.00,-0.04,1.12,9.74,0.00,-0.03,-0.21,0.06,0.00,0.00,1.00,
6834.00,24.23,26.00,102058.20,-60.86,-0.04,1.10,9.54,-6.56,-0.25,359.94,-3.25,-35.56,5.38,0.00,0.00,0.00,-0.04,1.12,9.74,0.00,-0.02,-0.19,0.06,0.00,0.00,1.00,
6855.00,24.24,26.00,102054.72,-60.57,-0.03,1.10,9.54,-6.56,-0.25,359.94,-3.25,-35.56,5.38,0.12,-0.06,-0.06,-0.04,1.12,9.74,0.01,-0.02,-0.19,0.06,0.00,0.00,1.00,
6877.00,24.24,26.00,102059.89,-61.00,-0.02,1.10,9.54,-6.56,-0.25,359.94,-3.25,-35.56,5.38,-0.06,0.19,0.00,-0.04,1.12,9.74,0.00,0.00,-0.20,0.06,0.00,0.00,1.00,
6897.00,24.24,26.00,102060.73,-61.06,-0.05,1.11,9.52,-6.56,-0.25,359.94,-3.69,-35.88,4.69,0.00,-0.06,0.06,-0.04,1.12,9.74,-0.01,-0.01,-0.20,0.06,0.00,0.00,1.00,
6918.00,24.23,26.00,102060.79,-61.07,-0.03,1.10,9.54,-6.56,-0.25,359.94,-3.69,-35.88,4.69,-0.06,-0.12,-0.06,-0.04,1.12,9.74,0.00,0.00,-0.20,0.06,0.00,0.00,1.00,
6941.00,24.23,26.00,102053.89,-60.50,-0.03,1.08,9.54,-6.56,-0.25,359.94,-3.69,-37.06,6.56,-0.12,-0.06,0.06,-0.04,1.12,9.74,0.01,-0.04,-0.20,0.06,0.00,0.00,1.00,
6962.00,24.24,26.00,102065.08,-61.42,-0.04,1.11,9.54,-6.56,-0.25,359.94,-3.69,-37.06,6.56,-0.12,-0.06,-0.06,-0.04,1.12,9.74,0.03,-0.02,-0.23,0.06,0.00,0.00,1.00,
6982.00,24.24,26.00,102054.72,-60.57,-0.04,1.10,9.55,-6.56,-0.25,359.94,-3.25,-36.25,5.06,0.00,-0.12,0.06,-0.04,1.12,9.74,0.00,-0.01,-0.18,0.06,0.00,0.00,1.00,
7006.00,24.24,26.00,102060.73,-61.06,-0.03,1.10,9.54,-6.56,-0.25,359.94,-3.25,-36.25,5.06,0.00,0.12,-0.06,-0.04,1.12,9.74,0.00,-0.03,-0.19,0.06,0.00,0.00,1.00,
7025.00,24.24,26.00,102062.48,-61.21,-0.03,1.09,9.55,-6.56,-0.25,359.94,-3.25,-36.25,5.06,-0.06,0.06,0.00,-0.04,1.12,9.74,0.01,-0.03,-0.18,0.06,0.00,0.00,1.00,
7045.00,24.23,26.00,102064.24,-61.35,-0.03,1.10,9.51,-6.56,-0.25,359.94,-4.38,-37.06,5.38,0.00,0.00,0.06,-0.04,1.12,9.74,0.01,-0.02,-0.22,0.06,0.00,0.00,1.00,
7066.00,24.24,26.00,102054.72,-60.57,-0.03,1.13,9.53,-6.56,-0.25,359.94,-4.38,-37.06,5.38,0.00,-0.12,-0.06,-0.04,1.12,9.74,0.02,-0.01,-0.20,0.06,0.00,0.00,1.00,
7090.00,24.23,26.00,102060.79,-61.07,-0.04,1.10,9.53,-6.56,-0.25,359.94,-3.69,-35.88,6.25,-0.12,0.00,0.00,-0.04,1.12,9.74,0.00,-0.01,-0.18,0.06,0.00,0.00,1.00,
7110.00,24.24,26.00,102057.30,-60.78,-0.04,1.09,9.52,-6.56,-0.25,359.94,-3.69,-35.88,6.25,-0.06,-0.06,-0.06,-0.04,1.12,9.74,0.00,-0.03,-0.20,0.06,0.00,0.00,1.00,
7130.00,24.24,26.00,102059.89,-61.00,-0.03,1.10,9.53,-6.56,-0.25,359.94,-3.69,-35.88,6.25,0.06,0.00,0.00,-0.04,1.12,9.74,0.01,-0.01,-0.17,0.06,0.00,0.00,1.00,
7154.00,24.23,26.00,102050.44,-60.21,-0.02,1.08,9.54,-6.56,-0.25,359.94,-4.06,-35.88,5.38,0.12,-0.06,-0.12,-0.04,1.12,9.74,0.02,-0.04,-0.19,0.06,0.00,0.00,1.00,
7171.00,24.24,26.00,102059.89,-61.00,-0.02,1.08,9.54,-6.56,-0.25,359.94,-4.06,-35.88,5.38,0.06,0.00,-0.06,-0.04,1.12,9.74,0.01,-0.04,-0.19,0.06,0.00,0.00,1.00,
7191.00,24.24,26.00,102057.30,-60.78,-0.05,1.12,9.55,-6.56,-0.25,359.94,-4.06,-35.56,5.88,0.00,0.06,0.00,-0.04,1.12,9.74,0.00,-0.03,-0.19,0.06,0.00,0.00,1.00,
7215.00,24.24,26.00,102062.48,-61.21,-0.02,1.12,9.53,-6.56,-0.25,359.94,-4.06,-35.56,5.88,0.00,-0.06,-0.12,-0.04,1.12,9.74,0.02,0.00,-0.20,0.06,0.00,0.00,1.00,
7235.00,24.23,26.00,102059.06,-60.93,-0.04,1.10,9.53,-6.56,-0.25,359.94,-3.25,-35.88,5.06,-0.06,-0.06,0.00,-0.04,1.12,9.74,0.00,-0.02,-0.20,0.06,0.00,0.00,1.00,
7256.00,24.24,26.00,102060.73,-61.06,0.00,1.09,9.50,-6.56,-0.25,359.94,-3.25,-35.88,5.06,0.06,0.06,0.00,-0.04,1.12,9.74,0.00,-0.02,-0.23,0.06,0.00,0.00,1.00,
7278.00,24.25,26.00,102058.97,-61.13,-0.03,1.10,9.53,-6.56,-0.25,359.94,-3.25,-35.88,5.06,-0.06,0.06,-0.06,-0.04,1.12,9.74,0.00,0.00,-0.21,0.06,0.00,0.00,1.00,
7298.00,24.24,26.00,102059.89,-61.00,-0.04,1.11,9.54,-6.56,-0.25,359.94,-3.69,-35.56,4.69,0.00,0.06,0.00,-0.04,1.12,9.74,0.00,-0.04,-0.21,0.06,0.00,0.00,1.00,
7319.00,24.24,26.00,102065.91,-61.49,-0.03,1.08,9.54,-6.56,-0.25,359.94,-3.69,-35.56,4.69,0.12,0.06,-0.12,-0.04,1.12,9.74,0.00,-0.02,-0.20,0.06,0.00,0.00,1.00,
7342.00,24.25,26.00,102061.56,-61.13,-0.02,1.10,9.56,-6.56,-0.25,359.94,-3.69,-35.19,5.38,-0.12,-0.06,-0.12,-0.04,1.12,9.74,0.00,-0.03,-0.19,0.06,0.00,0.00,1.00,
7362.00,24.24,26.00,102062.48,-61.21,-0.03,1.09,9.52,-6.56,-0.25,359.94,-3.69,-35.19,5.38,-0.06,-0.06,0.00,-0.04,1.12,9.74,-0.02,0.00,-0.18,0.06,0.00,0.00,1.00,
7383.00,24.24,26.00,102063.31,-61.28,-0.04,1.09,9.56,-6.56,-0.25,359.94,-3.69,-35.56,5.38,-0.06,0.00,0.00,-0.04,1.12,9.74,0.00,-0.03,-0.17,0.06,0.00,0.00,1.00,
7406.00,24.24,26.00,102062.48,-61.21,-0.04,1.10,9.50,-6.56,-0.25,359.94,-3.69,-35.56,5.38,0.00,0.12,0.06,-0.04,1.12,9.74,0.02,-0.05,-0.17,0.06,0.00,0.00,1.00,
7425.00,24.24,26.00,102058.14,-60.85,-0.02,1.10,9.54,-6.56,-0.25,359.94,-3.69,-35.56,5.38,0.00,0.06,0.06,-0.04,1.12,9.74,0.01,-0.02,-0.19,0.06,0.00,0.00,1.00,
7446.00,24.24,26.00,102049.55,-60.14,-0.03,1.12,9.54,-6.56,-0.25,359.94,-3.69,-36.25,5.38,0.00,0.00,0.06,-0.04,1.12,9.74,0.01,0.00,-0.19,0.06,0.00,0.00,1.00,
7467.00,24.24,26.00,102059.89,-61.00,-0.05,1.10,9.52,-6.56,-0.25,359.94,-3.69,-36.25,5.38,-0.06,-0.12,0.06,-0.04,1.12,9.74,0.00,-0.04,-0.17,0.06,0.00,0.00,1.00,
7490.00,24.24,26.00,102059.89,-61.00,-0.03,1.07,9.51,-6.56,-0.25,359.94,-4.06,-36.25,5.88,-0.06,0.06,0.06,-0.04,1.12,9.74,0.00,-0.03,-0.17,0.06,0.00,0.00,1.00,
7510.00,24.23,26.00,102055.61,-60.64,-0.02,1.09,9.52,-6.56,-0.25,359.94,-4.06,-36.25,5.88,-0.12,0.06,0.00,-0.04,1.12,9.74,0.00,-0.04,-0.18,0.06,0.00,0.00,1.00,
7530.00,24.24,26.00,102054.72,-60.57,-0.02,1.11,9.54,-6.56,-0.25,359.94,-4.06,-36.25,5.88,-0.12,0.12,0.06,-0.04,1.12,9.74,0.01,-0.01,-0.20,0.06,0.00,0.00,1.00,
7554.00,24.24,26.00,102065.08,-61.42,-0.02,1.10,9.55,-6.56,-0.25,359.94,-3.25,-35.88,5.06,-0.19,0.12,-0.06,-0.04,1.12,9.74,0.01,-0.02,-0.18,0.06,0.00,0.00,1.00,
7571.00,24.25,26.00,102056.38,-60.71,-0.04,1.10,9.53,-6.56,-0.25,359.94,-3.25,-35.88,5.06,-0.12,-0.06,0.06,-0.04,1.12,9.74,0.00,-0.02,-0.20,0.06,0.00,0.00,1.00,
7591.00,24.24,26.00,102059.89,-61.00,-0.04,1.07,9.55,-6.56,-0.25,359.94,-4.06,-35.88,5.06,-0.06,0.06,0.00,-0.04,1.12,9.74,0.00,-0.03,-0.19,0.06,0.00,0.00,1.00,
7615.00,24.24,26.00,102054.72,-60.57,-0.04,1.12,9.53,-6.56,-0.25,359.94,-4.06,-35.88,5.06,0.00,0.00,-0.06,-0.04,1.12,9.74,0.00,0.00,-0.20,0.06,0.00,0.00,1.00,
7636.00,24.24,26.00,102059.89,-61.00,-0.06,1.12,9.52,-6.56,-0.25,359.94,-4.38,-35.88,5.38,-0.06,0.06,0.12,-0.04,1.12,9.74,-0.01,0.00,-0.21,0.06,0.00,0.00,1.00,
7657.00,24.25,26.00,102058.97,-60.92,-0.04,1.10,9.54,-6.56,-0.25,359.94,-4.38,-35.88,5.38,0.00,0.06,-0.06,-0.04,1.12,9.74,0.02,-0.03,-0.18,0.06,0.00,0.00,1.00,
7679.00,24.23,26.00,102056.48,-60.71,-0.02,1.09,9.55,-6.56,-0.25,359.94,-4.38,-35.88,5.38,-0.06,0.12,-0.06,-0.04,1.12,9.74,0.00,-0.03,-0.20,0.06,0.00,0.00,1.00,
7699.00,24.25,26.00,102061.56,-61.13,-0.05,1.07,9.53,-6.56,-0.25,359.94,-4.06,-35.88,5.38,-0.12,-0.06,0.00,-0.04,1.12,9.74,0.04,-0.03,-0.21,0.06,0.00,0.00,1.00,
7719.00,24.25,26.00,102056.38,-60.71,-0.02,1.10,9.52,-6.56,-0.25,359.94,-4.06,-35.88,5.38,0.06,-0.06,0.06,-0.04,1.12,9.74,0.01,-0.02,-0.20,0.06,0.00,0.00,1.00,
7747.00,24.25,26.00,102058.97,-60.92,-0.02,1.09,9.51,-6.56,-0.25,359.94,-4.06,-35.88,5.06,0.06,0.00,-0.06,-0.04,1.12,9.74,0.00,0.00,-0.19,0.06,0.00,0.00,1.00,
7768.00,24.25,26.00,102058.97,-60.92,-0.02,1.07,9.45,-6.56,-0.25,359.94,-4.06,-35.88,5.06,-0.19,0.00,0.00,-0.04,1.12,9.74,0.00,-0.03,-0.17,0.06,0.00,0.00,1.00,
7789.00,24.24,26.00,102054.72,-60.57,-0.03,1.08,9.54,-6.56,-0.25,359.94,-3.69,-36.25,5.38,-0.06,-0.06,0.00,-0.04,1.12,9.74,0.00,0.00,-0.16,0.06,0.00,0.00,1.00,
7810.00,24.23,26.00,102056.48,-60.71,-0.04,1.11,9.53,-6.56,-0.25,359.94,-3.69,-36.25,5.38,0.06,-0.12,-0.06,-0.04,1.12,9.74,0.02,-0.03,-0.25,0.06,0.00,0.00,1.00,
7834.00,24.24,26.00,102054.72,-60.57,-0.03,1.08,9.53,-6.56,-0.25,359.94,-3.69,-36.25,5.38,0.00,-0.06,0.06,-0.04,1.12,9.74,0.00,-0.04,-0.20,0.06,0.00,0.00,1.00,
7855.00,24.24,26.00,102057.30,-60.78,-0.03,1.10,9.52,-6.56,-0.25,359.94,-3.69,-36.25,5.38,0.00,0.00,0.00,-0.04,1.12,9.74,0.00,-0.02,-0.21,0.06,0.00,0.00,1.00,
7873.00,24.25,26.00,102061.56,-61.13,-0.02,1.12,9.54,-6.56,-0.25,359.94,-3.69,-36.25,5.38,-0.19,0.00,0.06,-0.04,1.12,9.74,0.01,0.00,-0.19,0.06,0.00,0.00,1.00,
7897.00,24.24,26.00,102052.96,-60.42,-0.03,1.07,9.54,-6.56,-0.25,359.94,-4.38,-35.88,5.06,0.00,0.06,0.00,-0.04,1.12,9.74,0.00,-0.04,-0.20,0.06,0.00,0.00,1.00,
7918.00,24.24,26.00,102054.72,-60.57,-0.05,1.11,9.55,-6.56,-0.25,359.94,-4.38,-35.88,5.06,0.06,0.06,0.06,-0.04,1.12,9.74,0.02,-0.02,-0.21,0.06,0.00,0.00,1.00,
7939.00,24.25,26.00,102056.38,-60.71,-0.04,1.11,9.58,-6.56,-0.25,359.94,-2.88,-37.06,5.88,-0.06,0.00,0.12,-0.04,1.12,9.74,0.00,-0.02,-0.22,0.06,0.00,0.00,1.00,
7963.00,24.24,26.00,102059.89,-61.00,-0.02,1.08,9.53,-6.56,-0.25,359.94,-2.88,-37.06,5.88,0.00,0.06,-0.06,-0.04,1.12,9.74,0.02,-0.04,-0.20,0.06,0.00,0.00,1.00,
7992.00,24.25,26.00,102066.73,-61.56,-0.04,1.10,9.56,-6.56,-0.25,359.94,-3.69,-35.88,5.38,0.00,0.06,0.12,-0.04,1.12,9.74,0.00,-0.04,-0.21,0.06,0.00,0.00,1.00,
8013.00,24.24,26.00,102060.73,-61.06,-0.03,1.06,9.53,-6.56,-0.25,359.94,-3.69,-35.88,5.38,-0.19,-0.06,-0.06,-0.04,1.12,9.74,0.00,-0.06,-0.20,0.06,0.00,0.00,1.00,
8038.00,24.25,26.00,102058.97,-60.92,0.00,1.09,9.53,-6.56,-0.25,359.94,-4.06,-35.88,4.69,-0.12,0.06,0.06,-0.04,1.12,9.74,0.00,-0.01,-0.23,0.06,0.00,0.00,1.00,
8059.00,24.25,26.00,102061.56,-61.13,-0.03,1.13,9.54,-6.56,-0.25,359.94,-4.06,-35.88,4.69,0.00,0.19,0.00,-0.04,1.12,9.74,0.00,0.00,-0.19,0.06,0.00,0.00,1.00,
8078.00,24.25,26.00,102058.97,-60.92,-0.03,1.10,9.57,-6.56,-0.25,359.94,-4.06,-35.88,4.69,-0.12,0.00,-0.06,-0.04,1.12,9.74,0.01,-0.01,-0.18,0.06,0.00,0.00,1.00,
8102.00,24.26,26.00,102058.08,-60.85,-0.03,1.10,9.52,-6.56,-0.25,359.94,-4.06,-36.25,4.69,-0.06,0.00,-0.06,-0.04,1.12,9.74,0.00,-0.04,-0.21,0.06,0.00,0.00,1.00,
8121.00,24.25,26.00,102051.20,-60.28,-0.04,1.09,9.53,-6.56,-0.25,359.94,-4.06,-36.25,4.69,0.00,0.06,-0.12,-0.04,1.12,9.74,-0.02,-0.03,-0.20,0.06,0.00,0.00,1.00,
8142.00,24.24,26.00,102058.14,-60.85,-0.05,1.07,9.57,-6.56,-0.25,359.94,-3.69,-35.88,6.25,0.00,-0.06,-0.19,-0.04,1.12,9.74,0.02,-0.03,-0.15,0.06,0.00,0.00,1.00,
8166.00,24.25,26.00,102064.15,-61.35,-0.02,1.11,9.52,-6.56,-0.25,359.94,-3.69,-35.88,6.25,-0.06,0.19,0.00,-0.04,1.12,9.74,0.01,-0.01,-0.21,0.06,0.00,0.00,1.00,
8187.00,24.25,26.00,102056.38,-60.71,-0.03,1.08,9.53,-6.56,-0.25,359.94,-3.69,-35.88,5.88,-0.06,0.06,-0.12,-0.04,1.12,9.74,0.00,-0.06,-0.26,0.06,0.00,0.00,1.00,
8208.00,24.24,26.00,102052.96,-60.42,-0.04,1.10,9.57,-6.56,-0.25,359.94,-3.69,-35.88,5.88,0.06,0.00,-0.06,-0.04,1.12,9.74,-0.03,0.00,0.01,0.06,0.00,0.00,1.00,
8228.00,24.25,26.00,102061.56,-61.13,-0.06,1.08,9.44,-6.56,-0.25,359.94,-3.69,-35.88,5.88,-0.12,-0.06,-0.06,-0.04,1.12,9.74,-0.01,0.00,-0.11,0.06,0.00,0.00,1.00,
8252.00,24.25,26.00,102057.25,-60.78,-0.01,1.08,9.53,-6.56,-0.25,359.94,-4.06,-35.88,5.88,0.06,0.00,-0.25,-0.04,1.12,9.74,0.02,-0.03,-0.26,0.06,0.00,0.00,1.00,
8271.00,24.24,26.00,102058.14,-60.85,0.00,1.11,9.66,-6.56,-0.25,359.94,-4.06,-35.88,5.88,-0.12,0.06,0.00,-0.04,1.12,9.74,0.04,-0.01,-0.07,0.06,0.00,0.00,1.00,
8292.00,24.25,26.00,102056.38,-61.56,-0.02,1.14,9.76,-6.56,-0.25,359.94,-4.06,-35.56,5.38,-0.06,0.00,-0.25,-0.04,1.12,9.74,0.01,0.00,-0.26,0.06,0.00,0.00,1.00,
8316.00,24.25,26.00,102061.56,-60.92,-0.06,1.09,9.45,-6.56,-0.25,359.94,-4.06,-35.56,5.38,0.00,-0.12,0.00,-0.04,1.12,9.74,-0.02,-0.03,-0.28,0.06,0.00,0.00,1.00,
8337.00,24.25,26.00,102058.97,-60.92,-0.01,1.07,9.67,-6.56,-0.25,359.94,-3.69,-35.88,5.06,0.00,0.12,-0.12,-0.04,1.12,9.74,0.03,-0.07,-0.30,0.06,0.00,0.00,1.00,
8358.00,24.25,26.00,102056.38,-60.71,0.00,1.08,9.50,-6.56,-0.25,359.94,-3.69,-35.88,5.06,-0.25,0.00,0.00,-0.04,1.12,9.74,0.02,-0.03,-0.19,0.06,0.00,0.00,1.00,
8382.00,24.25,26.00,102061.56,-61.13,-0.03,1.11,9.56,-6.56,-0.25,359.94,-4.06,-35.19,4.25,0.06,0.12,-0.06,-0.04,1.12,9.74,0.00,-0.04,-0.32,0.06,0.00,0.00,1.00,
8403.00,24.25,26.00,102061.56,-61.13,-0.04,1.10,9.61,-6.56,-0.25,359.94,-4.06,-35.19,4.25,0.00,0.00,0.06,-0.04,1.12,9.74,0.00,-0.02,-0.12,0.06,0.00,0.00,1.00,
8421.00,24.25,26.00,102061.56,-61.13,-0.03,1.07,9.52,-6.56,-0.25,359.94,-4.06,-35.19,4.25,-0.06,0.12,0.06,-0.04,1.12,9.74,0.00,-0.05,-0.21,0.06,0.00,0.00,1.00,
8445.00,24.25,26.00,102061.56,-61.13,-0.01,1.09,9.57,-6.56,-0.25,359.94,-3.69,-35.88,5.06,0.00,0.25,0.12,-0.04,1.12,9.74,0.03,-0.03,-0.16,0.06,0.00,0.00,1.00,
8467.00,24.26,26.00,102068.44,-61.70,-0.04,1.13,9.54,-6.56,-0.25,359.94,-3.69,-35.88,5.06,0.06,0.06,0.12,-0.04,1.12,9.74,0.00,-0.01,-0.23,0.06,0.00,0.00,1.00,
8488.00,24.24,26.00,102059.89,-61.00,-0.05,1.12,9.60,-6.56,-0.25,359.94,-3.25,-35.56,5.06,0.12,-0.06,0.06,-0.04,1.12,9.74,0.00,-0.05,-0.16,0.06,0.00,0.00,1.00,
8512.00,24.25,26.00,102058.97,-61.13,-0.03,1.06,9.45,-6.56,-0.25,359.94,-3.25,-35.56,5.06,0.00,0.00,0.06,-0.04,1.12,9.74,-0.01,-0.07,-0.24,0.06,0.00,0.00,1.00,
8533.00,24.25,26.00,102056.38,-60.71,-0.02,1.08,9.58,-6.56,-0.25,359.94,-3.25,-35.88,5.88,0.06,-0.06,0.19,-0.04,1.12,9.74,0.01,-0.01,-0.20,0.06,0.00,0.00,1.00,
8554.00,24.25,26.00,102062.42,-60.99,-0.01,1.12,9.51,-6.56,-0.25,359.94,-3.25,-35.88,5.88,-0.06,0.00,0.00,-0.04,1.12,9.74,0.02,0.00,-0.22,0.06,0.00,0.00,1.00,
8572.00,24.25,26.00,102062.42,-61.20,-0.03,1.10,9.54,-6.56,-0.25,359.94,-3.25,-35.88,5.88,-0.06,0.12,0.06,-0.04,1.12,9.74,0.01,-0.02,-0.19,0.06,0.00,0.00,1.00,
8596.00,24.24,26.00,102059.89,-60.78,-0.03,1.07,9.54,-6.56,-0.25,359.94,-4.06,-34.75,5.38,0.06,0.00,0.12,-0.04,1.12,9.74,0.00,-0.05,-0.19,0.06,0.00,0.00,1.00,
8617.00,24.25,26.00,102056.38,-60.71,-0.04,1.08,9.59,-6.56,-0.25,359.94,-4.06,-34.75,5.38,-0.06,-0.06,0.12,-0.04,1.12,9.74,0.00,-0.03,-0.20,0.06,0.00,0.00,1.00,
8638.00,24.25,26.00,102061.56,-61.13,-0.02,1.11,9.55,-6.56,-0.25,359.94,-3.25,-36.69,4.25,-0.06,0.06,0.00,-0.04,1.12,9.74,0.01,-0.01,-0.17,0.06,0.00,0.00,1.00,
8662.00,24.25,26.00,102062.42,-61.20,-0.02,1.13,9.55,-6.56,-0.25,359.94,-3.25,-36.69,4.25,0.06,0.06,0.06,-0.04,1.12,9.74,0.01,-0.05,-0.20,0.06,0.00,0.00,1.00,
8683.00,24.25,26.00,102067.60,-61.63,-0.02,1.08,9.55,-6.56,-0.25,359.94,-4.38,-35.88,5.06,0.00,0.12,0.12,-0.04,1.12,9.74,0.00,-0.04,-0.19,0.06,0.00,0.00,1.00,
8704.00,24.25,26.00,102056.38,-60.71,-0.02,1.10,9.53,-6.56,-0.25,359.94,-4.38,-35.88,5.06,0.12,0.12,0.06,-0.04,1.12,9.74,0.02,-0.02,-0.20,0.06,0.00,0.00,1.00,
8727.00,24.24,26.00,102060.73,-61.06,-0.05,1.13,9.57,-6.56,-0.25,359.94,-4.38,-35.88,5.06,0.00,0.12,0.12,-0.04,1.12,9.74,0.02,-0.01,-0.21,0.06,0.00,0.00,1.00,
8748.00,24.25,26.00,102062.42,-61.20,0.00,1.09,9.55,-6.56,-0.25,359.94,-4.06,-35.56,4.69,-0.06,0.06,0.06,-0.04,1.12,9.74,0.04,-0.02,-0.19,0.06,0.00,0.00,1.00,
8769.00,24.24,26.00,102060.73,-61.06,0.01,1.07,9.55,-6.56,-0.25,359.94,-4.06,-35.56,4.69,0.19,0.12,0.19,-0.04,1.12,9.74,0.00,-0.04,-0.16,0.06,0.00,0.00,1.00,
8793.00,24.25,26.00,102057.25,-60.78,-0.04,1.10,9.52,-6.56,-0.25,359.94,-2.88,-35.56,4.69,0.06,0.06,0.06,-0.04,1.12,9.74,-0.01,-0.01,-0.17,0.06,0.00,0.00,1.00,
8814.00,24.25,26.00,102065.02,-61.42,-0.05,1.10,9.50,-6.56,-0.25,359.94,-2.88,-35.56,4.69,0.00,0.00,0.19,-0.04,1.12,9.74,-0.01,-0.02,-0.24,0.06,0.00,0.00,1.00,
8835.00,24.25,26.00,102065.02,-61.42,-0.02,1.09,9.56,-6.56,-0.25,359.94,-3.25,-35.19,4.69,-0.06,0.12,0.12,-0.04,1.12,9.74,0.01,-0.03,-0.17,0.06,0.00,0.00,1.00,
8862.00,24.25,26.00,102062.42,-61.20,-0.04,1.06,9.50,-6.56,-0.25,359.94,-3.25,-35.19,4.69,0.00,0.12,0.06,-0.04,1.12,9.74,0.00,-0.04,-0.18,0.06,0.00,0.00,1.00,
8883.00,24.25,26.00,102058.97,-60.92,-0.04,1.10,9.55,-6.56,-0.25,359.94,-3.25,-35.88,6.56,-0.06,0.12,0.25,-0.04,1.12,9.74,0.00,-0.02,-0.18,0.06,0.00,0.00,1.00,
8904.00,24.24,26.00,102055.55,-60.64,-0.05,1.11,9.55,-6.56,-0.25,359.94,-3.25,-35.88,6.56,-0.19,0.12,-0.12,-0.04,1.12,9.74,-0.01,-0.01,-0.18,0.06,0.00,0.00,1.00,
8922.00,24.25,26.00,102066.73,-61.56,-0.03,1.09,9.54,-6.56,-0.25,359.94,-3.25,-35.88,6.56,-0.06,0.06,-0.06,-0.04,1.12,9.74,0.00,-0.03,-0.19,0.06,0.00,0.00,1.00,
8943.00,24.25,26.00,102064.15,-61.35,0.02,1.08,9.50,-6.56,-0.25,359.94,-2.88,-35.56,3.88,0.12,0.06,0.00,-0.04,1.12,9.74,0.08,-0.05,-0.26,0.06,0.00,0.00,1.00,
8964.00,24.25,26.00,102062.42,-61.20,0.01,1.07,9.54,-6.56,-0.25,359.94,-2.88,-35.56,3.88,0.12,0.00,0.00,-0.04,1.12,9.74,0.06,-0.05,-0.19,0.06,0.00,0.00,1.00,
8985.00,24.25,26.00,102066.73,-61.56,-0.09,1.09,9.56,-6.56,-0.25,359.94,-4.06,-36.25,4.25,0.12,0.00,-0.06,-0.04,1.12,9.74,-0.04,-0.03,-0.17,0.06,0.00,0.00,1.00,
9019.00,24.25,26.00,102065.02,-61.42,-0.07,1.09,9.56,-6.56,-0.25,359.94,-4.06,-36.25,4.25,0.00,0.12,-0.06,-0.04,1.12,9.74,0.00,-0.02,-0.20,0.06,0.00,0.00,1.00,
9040.00,24.26,26.00,102065.84,-61.49,0.00,1.08,9.53,-6.56,-0.25,359.94,-2.88,-35.88,3.50,0.12,0.00,-0.12,-0.04,1.12,9.74,0.07,-0.03,-0.18,0.06,0.00,0.00,1.00,
9061.00,24.24,26.00,102057.30,-60.78,0.01,1.12,9.47,-6.56,-0.25,359.94,-2.88,-35.88,3.50,0.00,0.19,0.06,-0.04,1.12,9.74,0.03,-0.03,-0.18,0.06,0.00,0.00,1.00,
9085.00,24.25,26.00,102062.42,-61.20,-0.10,1.12,9.53,-6.56,-0.25,359.94,-2.56,-35.56,4.69,0.06,-0.06,-0.06,-0.04,1.12,9.74,-0.05,0.00,-0.20,0.06,0.00,0.00,1.00,
9106.00,24.25,26.00,102059.83,-60.99,-0.07,1.09,9.52,-6.56,-0.25,359.94,-2.56,-35.56,4.69,0.06,0.06,-0.06,-0.04,1.12,9.74,-0.03,-0.03,-0.21,0.06,0.00,0.00,1.00,
9125.00,24.25,26.00,102056.38,-60.71,0.03,1.06,9.58,-6.56,-0.25,359.94,-2.56,-35.56,4.69,0.06,-0.12,-0.06,-0.04,1.12,9.74,0.07,-0.06,-0.15,0.06,0.00,0.00,1.00,
9149.00,24.26,26.00,102058.08,-60.85,0.22,1.05,8.90,-6.56,-0.25,359.94,-3.69,-35.56,3.88,0.00,0.44,0.00,-0.04,1.12,9.74,-0.14,0.00,-0.08,0.06,0.00,0.00,1.00,
9170.00,24.25,26.00,102061.56,-61.13,-0.19,0.96,9.34,-6.56,-0.25,0.00,-3.69,-35.56,3.88,0.06,-0.06,0.31,-0.04,1.12,9.74,-0.12,0.07,0.43,0.06,0.00,0.00,1.00,
9191.00,24.25,26.00,102062.42,-61.20,-0.18,1.21,10.13,-6.56,-0.25,0.00,-4.38,-35.56,5.06,0.12,-0.12,-0.31,-0.04,1.12,9.74,-0.04,-0.07,-0.37,0.06,0.00,0.00,1.00,
9216.00,24.25,26.00,102066.73,-61.56,0.14,1.17,9.92,-6.56,-0.25,0.00,-4.38,-35.56,5.06,0.00,-0.19,0.06,-0.04,1.12,9.74,0.18,0.04,0.18,0.06,0.00,0.00,1.00,
9237.00,24.26,26.00,102063.25,-61.27,0.06,1.04,8.82,-6.56,-0.25,0.00,-4.06,-35.56,3.50,-0.06,0.00,-0.25,-0.04,1.12,9.74,0.00,0.08,0.19,0.06,0.00,0.00,1.00,
9258.00,24.25,26.00,102061.56,-61.13,-0.08,1.21,10.29,-6.56,-0.25,0.00,-4.06,-35.56,3.50,0.06,0.12,0.19,-0.04,1.12,9.74,-0.10,-0.08,-0.55,0.06,0.00,0.00,1.00,
9277.00,24.25,26.00,102061.56,-61.13,-0.11,1.08,9.47,-6.56,-0.25,0.00,-4.06,-35.56,3.50,0.12,-0.06,-0.06,-0.04,1.12,9.74,-0.06,-0.08,-0.20,0.06,0.00,0.00,1.00,
9301.00,24.25,26.00,102058.97,-60.92,-0.08,1.11,9.84,-6.56,-0.25,0.00,-3.69,-36.25,2.69,0.06,-0.06,-0.25,-0.04,1.12,9.74,0.11,-0.09,-0.48,0.06,0.00,0.00,1.00,
9320.00,24.25,26.00,102062.42,-61.20,0.00,1.08,9.39,-6.56,-0.25,0.00,-3.69,-36.25,2.69,-0.12,0.12,-0.12,-0.04,1.12,9.74,0.02,0.00,-0.25,0.06,0.00,0.00,1.00,
9341.00,24.25,26.00,102057.25,-60.78,0.00,1.18,9.76,-6.56,-0.25,0.00,-4.06,-35.56,3.88,-0.06,0.25,0.06,-0.04,1.12,9.74,0.02,0.03,-0.06,0.06,0.00,0.00,1.00,
9364.00,24.25,26.00,102062.42,-61.20,-0.06,1.10,9.43,-6.56,-0.25,360.00,-4.06,-35.56,3.88,0.06,-0.19,0.06,-0.04,1.12,9.74,-0.01,-0.02,-0.30,0.06,0.00,0.00,1.00,
9384.00,24.26,26.00,102060.67,-61.06,-0.05,1.06,9.60,-6.56,-0.25,360.00,-3.69,-35.19,3.88,0.06,0.00,0.00,-0.04,1.12,9.74,0.00,-0.06,-0.14,0.06,0.00,0.00,1.00,
9405.00,24.25,26.00,102056.38,-61.13,-0.04,1.07,9.37,-6.56,-0.25,360.00,-3.69,-35.19,3.88,-0.06,0.00,0.00,-0.04,1.12,9.74,0.00,-0.05,-0.36,0.06,0.00,0.00,1.00,
9427.00,24.26,26.00,102063.25,-61.06,-0.05,1.13,9.56,-6.56,-0.25,0.00,-3.69,-35.19,3.88,-0.06,0.00,0.00,-0.04,1.12,9.74,0.00,0.03,-0.23,0.06,0.00,0.00,1.00,
9448.00,24.25,26.00,102057.25,-60.78,-0.01,1.12,9.45,-6.56,-0.25,0.00,-2.88,-35.56,3.50,-0.06,0.00,-0.06,-0.04,1.12,9.74,0.03,-0.02,-0.17,0.06,0.00,0.00,1.00,
9469.00,24.25,26.00,102058.97,-60.92,0.07,1.15,9.78,-6.56,-0.25,359.94,-2.88,-35.56,3.50,0.12,-0.12,0.00,-0.04,1.12,9.74,0.13,-0.08,-0.39,0.06,0.00,0.00,1.00,
9493.00,24.25,26.00,102062.42,-61.20,-0.15,1.03,9.46,-6.56,-0.25,359.94,-2.88,-35.56,4.25,-0.06,0.31,-0.12,-0.04,1.12,9.74,-0.11,-0.11,-0.24,0.06,0.00,0.00,1.00,
9512.00,24.26,26.00,102058.08,-60.85,-0.10,1.14,9.78,-6.56,-0.25,0.00,-2.88,-35.56,4.25,0.00,-0.19,0.06,-0.04,1.12,9.74,-0.08,0.01,0.04,0.06,0.00,0.00,1.00,
9532.00,24.25,26.00,102058.97,-60.92,-0.04,1.07,9.44,-6.56,-0.25,0.00,-3.25,-34.38,3.88,-0.12,0.19,-0.06,-0.04,1.12,9.74,0.09,-0.03,-0.23,0.06,0.00,0.00,1.00,
9556.00,24.26,26.00,102058.08,-60.85,0.11,1.17,9.83,-6.56,-0.25,359.94,-3.25,-34.38,3.88,0.06,-0.25,0.12,-0.04,1.12,9.74,0.15,0.04,0.08,0.06,0.00,0.00,1.00,
9575.00,24.25,26.00,102057.25,-60.78,-0.09,1.03,9.33,-6.56,-0.19,359.94,-3.25,-34.38,3.88,0.12,0.06,-0.06,-0.04,1.12,9.74,-0.05,-0.08,-0.40,0.06,0.00,0.00,1.00,
9596.00,24.26,26.00,102063.25,-61.27,-0.15,1.09,9.65,-6.56,-0.19,359.94,-2.88,-35.56,3.88,0.00,0.00,0.25,-0.04,1.12,9.74,-0.11,-0.03,-0.08,0.06,0.00,0.00,1.00,
9617.00,24.26,26.00,102066.68,-61.56,-0.08,1.01,9.32,-6.56,-0.25,359.94,-2.88,-35.56,3.88,-0.12,-0.06,0.06,-0.04,1.12,9.74,-0.03,-0.11,-0.41,0.06,0.00,0.00,1.00,
9640.00,24.26,26.00,102064.09,-61.34,0.08,1.07,9.38,-6.56,-0.25,359.94,-2.56,-35.88,3.06,-0.06,0.06,0.06,-0.04,1.12,9.74,0.12,0.00,-0.19,0.06,0.00,0.00,1.00,
9660.00,24.26,26.00,102061.50,-60.91,0.01,1.13,9.45,-6.56,-0.19,359.94,-2.56,-35.88,3.06,0.06,0.00,-0.12,-0.04,1.12,9.74,0.05,-0.06,-0.39,0.06,0.00,0.00,1.00,
9680.00,24.26,26.00,102058.08,-60.85,-0.05,1.09,9.76,-6.56,-0.19,359.94,-2.56,-35.88,3.06,0.00,-0.19,-0.06,-0.04,1.12,9.74,-0.06,-0.10,-0.39,0.06,0.00,0.00,1.00,
9703.00,24.26,26.00,102056.32,-60.70,-0.10,1.08,9.55,-6.56,-0.25,359.94,-2.88,-34.75,3.06,0.06,0.12,0.00,-0.04,1.12,9.74,-0.05,-0.04,-0.18,0.06,0.00,0.00,1.00,
9721.00,24.26,26.00,102058.08,-60.85,0.00,1.12,9.57,-6.56,-0.25,359.94,-2.88,-34.75,3.06,0.00,0.00,0.06,-0.04,1.12,9.74,0.04,0.00,-0.16,0.06,0.00,0.00,1.00,
9742.00,24.26,26.00,102055.48,-60.63,0.01,1.11,9.37,-6.56,-0.25,359.94,-2.88,-34.75,4.25,0.00,0.00,0.06,-0.04,1.12,9.74,0.06,0.02,-0.06,0.06,0.00,0.00,1.00,
9766.00,24.26,26.00,102063.25,-61.27,0.00,1.09,9.51,-6.56,-0.19,359.94,-2.88,-34.75,4.25,0.06,-0.06,-0.06,-0.04,1.12,9.74,0.04,-0.03,-0.22,0.06,0.00,0.00,1.00,
9786.00,24.26,26.00,102058.08,-60.85,-0.10,1.05,9.58,-6.56,-0.19,359.94,-2.19,-34.06,2.25,0.00,-0.06,0.06,-0.04,1.12,9.74,-0.05,-0.07,-0.15,0.06,0.00,0.00,1.00,
9807.00,24.26,26.00,102058.08,-60.85,-0.09,1.09,9.45,-6.56,-0.25,359.94,-2.19,-34.06,2.25,0.06,0.12,-0.06,-0.04,1.12,9.74,-0.03,-0.04,-0.20,0.06,0.00,0.00,1.00,
9830.00,24.26,26.00,102063.25,-61.27,0.00,1.11,9.53,-6.56,-0.25,359.94,-2.19,-34.06,2.25,-0.06,-0.06,0.12,-0.04,1.12,9.74,0.08,0.00,-0.12,0.06,0.00,0.00,1.00,
9850.00,24.27,26.00,102064.95,-61.41,0.01,1.10,9.53,-6.56,-0.19,359.94,-1.75,-34.06,1.88,0.00,-0.06,-0.12,-0.04,1.12,9.74,0.02,0.00,-0.16,0.06,0.00,0.00,1.00,
9870.00,24.26,26.00,102058.08,-60.85,-0.03,1.09,9.55,-6.56,-0.19,359.94,-1.75,-34.06,1.88,0.19,0.12,-0.06,-0.04,1.12,9.74,0.00,-0.05,-0.18,0.06,0.00,0.00,1.00,
9893.00,24.26,26.00,102060.67,-61.06,-0.07,1.06,9.48,-6.56,-0.19,359.94,-1.38,-33.00,1.06,0.06,0.06,-0.06,-0.04,1.12,9.74,-0.02,-0.06,-0.25,0.06,0.00,0.00,1.00,
9914.00,24.26,26.00,102060.67,-61.06,-0.04,1.08,9.55,-6.56,-0.19,359.94,-1.38,-33.00,1.06,0.00,0.00,0.00,-0.04,1.12,9.74,0.00,-0.04,-0.18,0.06,0.00,0.00,1.00,
9934.00,24.27,26.00,102057.19,-60.77,0.00,1.09,9.51,-6.56,-0.19,359.94,-1.06,-33.00,1.56,-0.06,0.12,0.00,-0.04,1.12,9.74,0.04,-0.03,-0.22,0.06,0.00,0.00,1.00,
9961.00,24.25,26.00,102062.42,-61.20,0.00,1.13,9.52,-6.56,-0.19,359.94,-1.06,-33.00,1.56,0.06,0.00,-0.06,-0.04,1.12,9.74,0.00,-0.02,-0.23,0.06,0.00,0.00,1.00,
9981.00,24.26,26.00,102058.08,-60.85,-0.05,1.10,9.55,-6.56,-0.19,359.94,-1.06,-33.00,1.56,0.12,0.00,0.06,-0.04,1.12,9.74,-0.01,-0.03,-0.14,0.06,0.00,0.00,1.00,
10001.00,24.27,26.00,102062.36,-61.20,-0.08,1.09,9.53,-6.56,-0.19,359.94,-1.06,-32.25,-1.56,0.00,0.31,0.00,-0.04,1.12,9.74,-0.01,-0.04,-0.21,0.06,0.00,0.00,1.00,
10021.00,24.26,26.00,102063.25,-61.27,-0.03,1.06,9.51,-6.56,-0.19,359.94,-1.06,-32.25,-1.56,-0.06,0.00,0.00,-0.04,1.12,9.74,0.01,-0.03,-0.18,0.06,0.00,0.00,1.00,
10044.00,24.27,26.00,102062.36,-61.20,-0.01,1.11,9.52,-6.56,-0.19,359.94,-0.25,-31.50,0.38,0.12,0.06,0.06,-0.04,1.12,9.74,0.02,-0.01,-0.21,0.06,0.00,0.00,1.00,
10064.00,24.26,26.00,102058.08,-60.85,-0.02,1.13,9.57,-6.56,-0.19,359.94,-0.25,-31.50,0.38,0.00,0.06,0.06,-0.04,1.12,9.74,0.01,0.00,-0.16,0.06,0.00,0.00,1.00,
10085.00,24.26,26.00,102058.91,-60.91,-0.08,1.09,9.53,-6.56,-0.19,359.94,-0.25,-30.75,-1.56,0.12,0.00,0.06,-0.04,1.12,9.74,-0.03,-0.03,-0.20,0.06,0.00,0.00,1.00,
10109.00,24.26,26.00,102055.48,-60.63,-0.08,1.06,9.54,-6.56,-0.19,359.94,-0.25,-30.75,-1.56,-0.12,0.06,-0.06,-0.04,1.12,9.74,-0.03,-0.03,-0.21,0.06,0.00,0.00,1.00,
10129.00,24.26,26.00,102052.90,-60.42,-0.03,1.10,9.50,-6.56,-0.19,359.94,-0.25,-30.75,-1.56,0.00,0.19,-0.12,-0.04,1.12,9.74,0.01,-0.02,-0.16,0.06,0.00,0.00,1.00,
10150.00,24.27,26.00,102062.36,-61.20,0.00,1.11,9.54,-6.56,-0.19,359.94,-0.25,-30.38,-2.25,0.06,-0.12,0.00,-0.04,1.12,9.74,0.03,-0.03,-0.21,0.06,0.00,0.00,1.00,
10172.00,24.26,26.00,102056.32,-60.70,-0.01,1.11,9.54,-6.56,-0.19,359.94,-0.25,-30.38,-2.25,0.12,-0.06,0.00,-0.04,1.12,9.74,0.00,-0.01,-0.16,0.06,0.00,0.00,1.00,
10192.00,24.27,26.00,102054.59,-60.56,-0.08,1.08,9.52,-6.56,-0.19,359.94,0.38,-29.56,-2.69,-0.06,-0.12,0.12,-0.04,1.12,9.74,-0.05,-0.04,-0.19,0.06,0.00,0.00,1.00,
10212.00,24.26,26.00,102050.31,-60.20,-0.09,1.06,9.55,-6.56,-0.25,359.94,0.38,-29.56,-2.69,0.00,0.00,-0.06,-0.04,1.12,9.74,-0.02,-0.03,-0.21,0.06,0.00,0.00,1.00,
10236.00,24.26,26.00,102058.91,-60.91,0.01,1.11,9.54,-6.56,-0.19,359.94,1.06,-30.00,-2.25,0.06,0.00,-0.06,-0.04,1.12,9.74,0.06,-0.01,-0.19,0.06,0.00,0.00,1.00,
10256.00,24.26,26.00,102058.91,-60.91,0.00,1.10,9.52,-6.56,-0.19,359.94,1.06,-30.00,-2.25,0.00,-0.06,0.00,-0.04,1.12,9.74,0.05,-0.02,-0.21,0.06,0.00,0.00,1.00,
10275.00,24.26,26.00,102053.73,-60.49,-0.05,1.11,9.54,-6.56,-0.19,359.94,1.06,-30.00,-2.25,0.12,0.12,-0.06,-0.04,1.12,9.74,-0.01,-0.01,-0.19,0.06,0.00,0.00,1.00,
10300.00,24.26,26.00,102058.08,-60.85,-0.08,1.09,9.57,-6.56,-0.19,359.94,0.75,-29.25,-3.88,-0.06,0.12,-0.12,-0.04,1.12,9.74,-0.03,-0.04,-0.20,0.06,0.00,0.00,1.00,
10320.00,24.26,26.00,102058.91,-60.91,-0.07,1.10,9.52,-6.56,-0.19,359.94,0.75,-29.25,-3.88,0.12,-0.12,0.00,-0.04,1.12,9.74,0.03,-0.04,-0.20,0.06,0.00,0.00,1.00,
10341.00,24.26,26.00,102061.50,-61.13,0.02,1.13,9.54,-6.56,-0.19,359.94,0.00,-29.56,-2.69,-0.12,0.06,0.12,-0.04,1.12,9.74,0.06,-0.02,-0.20,0.06,0.00,0.00,1.00,
10365.00,24.26,26.00,102064.09,-61.34,-0.02,1.12,9.57,-6.56,-0.19,359.94,0.00,-29.56,-2.69,0.00,-0.12,-0.06,-0.04,1.12,9.74,0.01,0.00,-0.16,0.06,0.00,0.00,1.00,
10386.00,24.26,26.00,102061.50,-61.13,-0.09,1.09,9.54,-6.56,-0.19,359.94,0.75,-29.25,-4.25,0.00,-0.12,-0.12,-0.04,1.12,9.74,-0.04,-0.03,-0.19,0.06,0.00,0.00,1.00,
10407.00,24.27,26.00,102062.36,-61.20,-0.07,1.09,9.54,-6.56,-0.19,359.94,0.75,-29.25,-4.25,0.12,-0.19,-0.06,-0.04,1.12,9.74,-0.03,-0.03,-0.19,0.06,0.00,0.00,1.00,
10427.00,24.27,26.00,102057.19,-60.77,0.00,1.13,9.54,-6.56,-0.19,359.94,0.75,-29.25,-4.25,0.06,-0.06,0.06,-0.04,1.12,9.74,0.04,0.00,-0.19,0.06,0.00,0.00,1.00,
10450.00,24.27,26.00,102059.78,-60.99,-0.01,1.11,9.54,-6.56,-0.19,359.94,0.00,-29.56,-3.50,0.00,-0.06,-0.06,-0.04,1.12,9.74,0.02,0.00,-0.20,0.06,0.00,0.00,1.00,
10470.00,24.27,26.00,102057.19,-60.77,-0.06,1.07,9.52,-6.56,-0.19,359.94,0.00,-29.56,-3.50,0.00,-0.06,-0.06,-0.04,1.12,9.74,-0.03,-0.04,-0.16,0.06,0.00,0.00,1.00,
10492.00,24.26,26.00,102053.73,-60.49,-0.08,1.07,9.56,-6.56,-0.19,359.94,0.38,-29.56,-3.06,0.00,-0.06,-0.06,-0.04,1.12,9.74,-0.02,-0.04,-0.19,0.06,0.00,0.00,1.00,
10516.00,24.26,26.00,102058.08,-60.85,-0.01,1.11,9.55,-6.56,-0.19,359.94,0.38,-29.56,-3.06,0.06,0.00,-0.06,-0.04,1.12,9.74,0.02,-0.01,-0.18,0.06,0.00,0.00,1.00,
10537.00,24.27,26.00,102054.59,-60.56,0.00,1.12,9.52,-6.56,-0.19,359.94,0.00,-29.25,-3.88,0.00,0.06,-0.06,-0.04,1.12,9.74,0.04,0.00,-0.21,0.06,0.00,0.00,1.00,
10558.00,24.26,26.00,102058.08,-60.85,-0.05,1.09,9.52,-6.56,-0.19,359.94,0.00,-29.25,-3.88,0.06,0.00,-0.12,-0.04,1.12,9.74,-0.01,-0.03,-0.17,0.06,0.00,0.00,1.00,
10581.00,24.27,26.00,102057.19,-60.77,-0.07,1.10,9.54,-6.56,-0.19,359.94,0.00,-29.25,-3.88,0.00,0.06,0.00,-0.04,1.12,9.74,-0.01,-0.02,-0.19,0.06,0.00,0.00,1.00,
10602.00,24.27,26.00,102054.59,-60.56,-0.04,1.10,9.52,-6.56,-0.19,359.94,0.75,-28.56,-3.50,-0.06,0.00,0.00,-0.04,1.12,9.74,0.00,0.00,-0.19,0.06,0.00,0.00,1.00,
10621.00,24.27,26.00,102059.78,-60.99,-0.01,1.12,9.53,-6.56,-0.19,359.94,0.75,-28.56,-3.50,0.06,-0.06,-0.06,-0.04,1.12,9.74,0.02,-0.02,-0.22,0.06,0.00,0.00,1.00,
10645.00,24.26,26.00,102058.91,-60.91,-0.01,1.10,9.53,-6.56,-0.19,359.94,-0.25,-29.25,-4.25,0.06,-0.06,0.00,-0.04,1.12,9.74,0.02,-0.02,-0.20,0.06,0.00,0.00,1.00,
10667.00,24.26,26.00,102055.48,-60.63,-0.05,1.09,9.57,-6.56,-0.19,359.94,-0.25,-29.25,-4.25,0.12,0.00,-0.12,-0.04,1.12,9.74,-0.01,-0.03,-0.16,0.06,0.00,0.00,1.00,
10688.00,24.27,26.00,102062.36,-61.20,-0.04,1.10,9.59,-6.56,-0.19,359.94,0.75,-28.56,-4.25,0.00,0.06,0.00,-0.04,1.12,9.74,-0.01,-0.02,-0.16,0.06,0.00,0.00,1.00,
10712.00,24.27,26.00,102059.78,-60.99,-0.03,1.09,9.56,-6.56,-0.19,359.94,0.75,-28.56,-4.25,0.00,-0.06,0.06,-0.04,1.12,9.74,0.02,0.00,-0.22,0.06,0.00,0.00,1.00,
10741.00,24.26,26.00,102064.09,-61.34,0.00,1.13,9.54,-6.56,-0.19,359.94,1.06,-28.56,-3.88,0.19,0.06,0.06,-0.04,1.12,9.74,0.00,-0.03,-0.21,0.06,0.00,0.00,1.00,
10762.00,24.27,26.00,102064.95,-60.77,-0.02,1.08,9.54,-6.56,-0.19,359.94,1.06,-28.56,-3.88,0.00,-0.06,0.06,-0.04,1.12,9.74,-0.01,-0.04,-0.20,0.06,0.00,0.00,1.00,
10786.00,24.26,26.00,102058.91,-61.34,-0.07,1.08,9.57,-6.56,-0.19,359.94,1.06,-27.38,-4.25,0.00,0.12,0.00,-0.04,1.12,9.74,-0.03,-0.04,-0.16,0.06,0.00,0.00,1.00,
10807.00,24.27,26.00,102059.78,-60.99,-0.02,1.09,9.52,-6.56,-0.19,359.94,1.06,-27.38,-4.25,0.06,-0.06,-0.06,-0.04,1.12,9.74,0.01,-0.03,-0.21,0.06,0.00,0.00,1.00,
10826.00,24.27,26.00,102059.78,-61.63,0.00,1.09,9.50,-6.56,-0.19,359.94,1.06,-27.38,-4.25,0.06,0.00,0.00,-0.04,1.12,9.74,0.03,-0.03,-0.24,0.06,0.00,0.00,1.00,
10850.00,24.27,26.00,102064.95,-61.41,-0.03,1.08,9.55,-6.56,-0.19,359.94,0.75,-27.06,-3.50,0.12,-0.06,0.12,-0.04,1.12,9.74,0.00,-0.02,-0.24,0.06,0.00,0.00,1.00,
10870.00,24.27,26.00,102062.36,-61.20,-0.04,1.08,9.52,-6.56,-0.19,359.94,0.75,-27.06,-3.50,0.12,-0.12,0.00,-0.04,1.12,9.74,-0.02,-0.02,-0.18,0.06,0.00,0.00,1.00,
10891.00,24.28,26.00,102061.47,-61.13,-0.06,1.10,9.56,-6.56,-0.19,359.94,1.06,-26.25,-3.50,0.06,0.06,0.12,-0.04,1.12,9.74,0.00,-0.03,-0.21,0.06,0.00,0.00,1.00,
10912.00,24.30,26.00,102075.19,-62.26,-0.02,1.09,9.50,-6.56,-0.19,359.94,1.06,-26.25,-3.50,-0.06,0.00,0.19,-0.04,1.12,9.74,0.01,0.00,-0.18,0.06,0.00,0.00,1.00,
10936.00,24.33,26.00,102064.71,-61.39,-0.01,1.09,9.54,-6.56,-0.19,359.94,2.56,-26.69,-4.25,0.06,0.12,0.06,-0.04,1.12,9.74,0.02,-0.03,-0.19,0.06,0.00,0.00,1.00,
10957.00,24.38,26.00,102067.95,-61.66,-0.03,1.07,9.52,-6.56,-0.19,359.94,2.56,-26.69,-4.25,0.06,0.19,0.06,-0.04,1.12,9.74,-0.01,-0.01,-0.18,0.06,0.00,0.00,1.00,
10977.00,24.42,26.00,102059.13,-60.93,-0.05,1.11,9.56,-6.56,-0.19,359.94,2.56,-26.69,-4.25,0.00,0.00,0.06,-0.04,1.12,9.74,-0.01,-0.01,-0.17,0.06,0.00,0.00,1.00,
11001.00,24.47,26.00,102052.01,-60.13,-0.04,1.11,9.56,-6.56,-0.19,359.94,2.25,-25.88,-6.56,0.06,-0.06,-0.06,-0.04,1.12,9.74,0.01,-0.03,-0.18,0.06,0.00,0.00,1.00,
11021.00,24.54,26.00,102056.84,-60.74,-0.01,1.09,9.55,-6.56,-0.19,359.94,2.25,-25.88,-6.56,0.06,0.00,0.00,-0.04,1.12,9.74,0.00,-0.04,-0.16,0.06,0.00,0.00,1.00,
11041.00,24.59,26.00,102060.91,-61.08,-0.03,1.09,9.52,-6.56,-0.19,359.94,1.88,-25.56,-3.88,0.12,-0.06,-0.06,-0.04,1.12,9.74,0.00,-0.03,-0.18,0.06,0.00,0.00,1.00,
11070.00,24.72,26.00,102068.98,-61.75,-0.04,1.09,9.52,-6.56,-0.19,359.94,1.88,-25.56,-3.88,0.00,0.00,0.12,-0.04,1.12,9.74,0.00,-0.05,-0.20,0.06,0.00,0.00,1.00,
11090.00,24.80,26.00,102062.55,-61.22,0.00,1.10,9.43,-6.56,-0.19,359.94,2.25,-26.25,-3.88,-0.12,-0.19,-0.12,-0.04,1.12,9.74,0.03,-0.02,-0.14,0.06,0.00,0.00,1.00,
11111.00,24.89,26.00,102067.32,-61.61,0.00,1.08,9.50,-6.56,-0.19,359.94,2.25,-26.25,-3.88,0.06,-0.06,0.06,-0.04,1.12,9.74,0.01,-0.04,-0.15,0.06,0.00,0.00,1.00,
11135.00,25.01,26.00,102069.39,-61.78,-0.02,1.11,9.48,-6.56,-0.19,359.94,2.56,-25.56,-3.06,0.12,-0.12,-0.06,-0.04,1.12,9.74,0.01,-0.01,-0.25,0.06,0.00,0.00,1.00,
11156.00,25.10,26.00,102056.01,-60.67,-0.03,1.11,9.48,-6.56,-0.19,359.94,2.56,-25.56,-3.06,0.00,0.00,0.12,-0.04,1.12,9.74,0.00,-0.01,-0.26,0.06,0.00,0.00,1.00,
11174.00,25.21,26.00,102064.12,-61.34,0.00,1.07,9.48,-6.56,-0.19,359.94,2.56,-25.56,-3.06,0.06,0.06,0.06,-0.04,1.12,9.74,0.03,-0.05,-0.25,0.06,0.00,0.00,1.00,
11198.00,25.31,26.00,102056.67,-60.73,-0.01,1.09,9.50,-6.56,-0.19,359.94,1.50,-25.56,-3.88,0.00,0.00,-0.06,-0.04,1.12,9.74,0.02,-0.04,-0.25,0.06,0.00,0.00,1.00,
11219.00,25.44,26.00,102065.58,-61.47,-0.01,1.09,9.51,-6.56,-0.19,359.94,1.50,-25.56,-3.88,0.00,0.12,0.00,-0.04,1.12,9.74,0.00,-0.02,-0.27,0.06,0.00,0.00,1.00,
11240.00,25.56,26.00,102053.75,-60.49,-0.03,1.11,9.51,-6.56,-0.19,359.94,2.25,-26.25,-3.88,0.00,0.00,0.00,-0.04,1.12,9.74,0.00,-0.04,-0.24,0.06,0.00,0.00,1.00,
11264.00,25.68,26.00,102066.17,-61.51,-0.02,1.11,9.49,-6.56,-0.19,359.94,2.25,-26.25,-3.88,-0.06,0.00,-0.12,-0.04,1.12,9.74,0.02,-0.04,-0.26,0.06,0.00,0.00,1.00,
11285.00,25.77,26.00,102064.79,-61.40,0.00,1.11,9.52,-6.56,-0.19,359.94,2.56,-25.88,-3.88,-0.06,0.12,0.00,-0.04,1.12,9.74,0.03,-0.01,-0.21,0.06,0.00,0.00,1.00,
11305.00,25.89,26.00,102071.98,-62.00,0.00,1.10,9.48,-6.56,-0.19,359.94,2.56,-25.88,-3.88,0.00,0.00,0.00,-0.04,1.12,9.74,0.04,-0.02,-0.25,0.06,0.00,0.00,1.00,
11337.00,26.05,26.00,102061.68,-61.14,0.01,1.12,9.44,-6.56,-0.19,359.94,1.88,-26.69,-3.50,0.12,-0.06,0.00,-0.04,1.12,9.74,0.06,0.00,-0.29,0.06,0.00,0.00,1.00,
11361.00,26.15,26.00,102059.38,-60.95,0.00,1.09,9.39,-6.56,-0.19,359.94,1.88,-26.69,-3.50,0.06,-0.12,0.06,-0.04,1.12,9.74,0.04,-0.03,-0.35,0.06,0.00,0.00,1.00,
11380.00,26.26,26.00,102067.48,-61.62,0.04,1.14,9.43,-6.56,-0.19,359.94,1.88,-26.69,-3.50,-0.06,0.12,-0.12,-0.04,1.12,9.74,0.10,0.02,-0.31,0.06,0.00,0.00,1.00,
11401.00,26.38,26.00,102066.87,-61.57,0.02,1.15,9.45,-6.56,-0.19,359.94,1.88,-26.69,-3.06,-0.06,0.06,-0.06,-0.04,1.12,9.74,0.09,0.01,-0.33,0.06,0.00,0.00,1.00,
11422.00,26.49,26.00,102045.53,-59.81,0.02,1.13,9.39,-6.56,-0.19,359.94,1.88,-26.69,-3.06,0.00,-0.12,0.00,-0.04,1.12,9.74,0.07,0.00,-0.35,0.06,0.00,0.00,1.00,
11443.00,26.57,26.00,102057.20,-60.77,0.02,1.11,9.37,-6.56,-0.19,359.94,3.00,-26.25,-2.75,0.00,0.12,0.06,-0.04,1.12,9.74,0.09,0.00,-0.35,0.06,0.00,0.00,1.00,
11464.00,26.65,26.00,102053.26,-60.45,0.03,1.13,9.39,-6.56,-0.19,359.94,3.00,-26.25,-2.75,-0.06,0.06,-0.06,-0.04,1.12,9.74,0.09,0.00,-0.29,0.06,0.00,0.00,1.00,
11488.00,26.75,26.00,102057.06,-60.76,0.05,1.13,9.35,-6.56,-0.19,359.94,2.25,-26.25,-2.75,-0.06,-0.06,0.06,-0.04,1.12,9.74,0.08,0.01,-0.26,0.06,0.00,0.00,1.00,
11509.00,26.86,26.00,102061.72,-61.15,0.02,1.13,9.42,-6.56,-0.19,359.94,2.25,-26.25,-2.75,0.00,-0.06,0.06,-0.04,1.12,9.74,0.06,-0.01,-0.37,0.06,0.00,0.00,1.00,
11529.00,26.92,26.00,102054.44,-60.54,0.01,1.13,9.48,-6.56,-0.19,359.94,2.25,-26.25,-2.75,-0.12,0.06,0.00,-0.04,1.12,9.74,0.07,0.00,-0.27,0.06,0.00,0.00,1.00,
11553.00,27.03,26.00,102055.52,-60.63,0.02,1.13,9.46,-6.56,-0.19,359.94,2.25,-26.38,-3.50,-0.06,-0.06,-0.06,-0.04,1.12,9.74,0.08,0.01,-0.34,0.06,0.00,0.00,1.00,
11572.00,27.10,26.00,102054.27,-60.53,0.04,1.14,9.46,-6.56,-0.19,359.94,2.25,-26.38,-3.50,0.00,0.06,0.00,-0.04,1.12,9.74,0.08,0.00,-0.26,0.06,0.00,0.00,1.00,
11592.00,27.20,26.00,102058.05,-60.84,0.02,1.13,9.43,-6.56,-0.19,359.94,3.38,-26.75,-3.06,-0.19,0.12,-0.06,-0.04,1.12,9.74,0.06,-0.01,-0.32,0.06,0.00,0.00,1.00,
11617.00,27.28,26.00,102049.82,-60.16,0.00,1.11,9.51,-6.56,-0.19,359.94,3.38,-26.75,-3.06,-0.06,0.19,0.12,-0.04,1.12,9.74,0.05,-0.01,-0.22,0.06,0.00,0.00,1.00,
11638.00,27.34,26.00,102052.92,-60.42,-0.01,1.14,9.50,-6.56,-0.19,359.94,3.00,-27.06,-4.25,-0.12,0.06,0.12,-0.04,1.12,9.74,0.07,0.02,-0.25,0.06,0.00,0.00,1.00,
11659.00,27.41,26.00,102054.23,-60.53,0.03,1.13,9.45,-6.56,-0.19,359.94,3.00,-27.06,-4.25,0.00,0.00,0.06,-0.04,1.12,9.74,0.04,0.01,-0.33,0.06,0.00,0.00,1.00,
11678.00,27.47,26.00,102046.97,-59.93,0.00,1.14,9.49,-6.56,-0.19,359.94,3.00,-27.06,-4.25,0.00,-0.19,0.06,-0.04,1.12,9.74,0.01,0.02,-0.20,0.06,0.00,0.00,1.00,
11702.00,27.54,26.00,102045.70,-59.82,-0.01,1.12,9.49,-6.56,-0.19,359.94,2.56,-25.56,-3.06,-0.06,-0.06,0.06,-0.04,1.12,9.74,0.01,0.00,-0.22,0.06,0.00,0.00,1.00,
11721.00,27.60,26.00,102049.71,-59.72,-0.01,1.11,9.50,-6.56,-0.19,359.94,2.56,-25.56,-3.06,-0.12,0.00,-0.06,-0.04,1.12,9.74,0.03,0.00,-0.25,0.06,0.00,0.00,1.00,
11742.00,27.66,26.00,102050.21,-60.19,0.00,1.13,9.50,-6.56,-0.19,359.94,2.56,-26.00,-2.75,0.06,-0.06,-0.06,-0.04,1.12,9.74,0.02,0.00,-0.28,0.06,0.00,0.00,1.00,
11766.00,27.71,26.00,102057.73,-60.82,-0.01,1.13,9.48,-6.56,-0.19,359.94,2.56,-26.00,-2.75,0.12,0.00,0.06,-0.04,1.12,9.74,0.02,0.01,-0.25,0.06,0.00,0.00,1.00,
11787.00,27.73,26.00,102051.53,-60.30,-0.03,1.13,9.51,-6.56,-0.19,359.94,2.25,-26.38,-4.75,0.06,-0.25,0.06,-0.04,1.12,9.74,0.00,0.00,-0.22,0.06,0.00,0.00,1.00,
11808.00,27.76,26.00,102056.55,-60.72,-0.02,1.12,9.50,-6.56,-0.19,359.94,2.25,-26.38,-4.75,0.00,-0.06,-0.12,-0.04,1.12,9.74,0.02,-0.01,-0.23,0.06,0.00,0.00,1.00,
11832.00,27.77,26.00,102047.83,-60.00,0.00,1.13,9.48,-6.56,-0.19,359.94,1.88,-26.00,-3.88,0.06,-0.06,0.00,-0.04,1.12,9.74,0.04,0.00,-0.27,0.06,0.00,0.00,1.00,
11853.00,27.77,26.00,102046.05,-59.85,0.00,1.12,9.48,-6.56,-0.19,359.94,1.88,-26.00,-3.88,0.00,0.00,-0.06,-0.04,1.12,9.74,0.04,0.02,-0.28,0.06,0.00,0.00,1.00,
11872.00,27.76,26.00,102040.92,-59.43,0.00,1.13,9.46,-6.56,-0.19,359.94,1.88,-26.00,-3.88,0.00,-0.06,-0.06,-0.04,1.12,9.74,0.02,0.01,-0.26,0.06,0.00,0.00,1.00,
11896.00,27.75,26.00,102045.30,-60.00,-0.01,1.14,9.44,-6.56,-0.19,359.94,2.25,-26.38,-4.25,0.06,-0.12,-0.06,-0.04,1.12,9.74,0.02,0.01,-0.29,0.06,0.00,0.00,1.00,
11917.00,27.72,26.00,102050.67,-60.23,-0.01,1.12,9.47,-6.56,-0.19,359.94,2.25,-26.38,-4.25,-0.06,-0.06,-0.06,-0.04,1.12,9.74,0.02,0.00,-0.27,0.06,0.00,0.00,1.00,
11938.00,27.72,26.00,102054.22,-60.31,0.02,1.15,9.46,-6.56,-0.19,359.94,1.88,-27.50,-5.06,-0.06,-0.06,0.00,-0.04,1.12,9.74,0.05,0.03,-0.27,0.06,0.00,0.00,1.00,
11962.00,27.68,26.00,102058.77,-60.90,0.01,1.14,9.42,-6.56,-0.19,359.94,1.88,-27.50,-5.06,-0.06,-0.06,0.00,-0.04,1.12,9.74,0.00,0.01,-0.27,0.06,0.00,0.00,1.00,
11983.00,27.65,26.00,102052.89,-60.42,-0.03,1.13,9.46,-6.56,-0.19,359.94,2.25,-27.50,-6.69,0.12,-0.12,0.06,-0.04,1.12,9.74,0.00,0.01,-0.21,0.06,0.00,0.00,1.00,
12004.00,27.61,26.00,102051.40,-60.29,-0.03,1.12,9.49,-6.56,-0.19,359.94,2.25,-27.50,-6.69,0.00,0.12,-0.06,-0.04,1.12,9.74,0.03,-0.01,-0.26,0.06,0.00,0.00,1.00,
12027.00,27.57,26.00,102057.68,-60.81,0.00,1.11,9.49,-6.56,-0.19,359.94,2.25,-27.50,-6.69,0.06,-0.12,0.00,-0.04,1.12,9.74,0.03,-0.01,-0.25,0.06,0.00,0.00,1.00,
12047.00,27.52,26.00,102049.33,-60.12,-0.02,1.16,9.48,-6.56,-0.19,359.94,2.56,-26.75,-6.25,0.00,0.00,-0.06,-0.04,1.12,9.74,0.01,0.04,-0.26,0.06,0.00,0.00,1.00,
12069.00,27.48,26.00,102051.26,-60.28,-0.04,1.12,9.49,-6.56,-0.19,359.94,2.56,-26.75,-6.25,0.06,0.00,0.00,-0.04,1.12,9.74,0.00,-0.01,-0.27,0.06,0.00,0.00,1.00,
12090.00,27.44,26.00,102054.08,-60.51,-0.03,1.13,9.49,-6.56,-0.19,359.94,1.50,-26.00,-5.88,0.06,0.06,0.00,-0.04,1.12,9.74,0.00,0.02,-0.26,0.06,0.00,0.00,1.00,
12113.00,27.39,26.00,102050.88,-60.25,-0.04,1.13,9.48,-6.56,-0.19,359.94,1.50,-26.00,-5.88,0.00,0.12,0.00,-0.04,1.12,9.74,0.00,-0.01,-0.24,0.06,0.00,0.00,1.00,
12134.00,27.36,26.00,102053.67,-60.48,-0.03,1.13,9.53,-6.56,-0.19,359.94,1.06,-26.75,-4.75,0.00,-0.06,0.12,-0.04,1.12,9.74,-0.01,0.02,-0.19,0.06,0.00,0.00,1.00,
12155.00,27.31,26.00,102047.89,-60.00,-0.09,1.13,9.47,-6.56,-0.19,359.94,1.06,-26.75,-4.75,0.00,-0.12,-0.06,-0.04,1.12,9.74,-0.04,0.00,-0.27,0.06,0.00,0.00,1.00,
12181.00,27.26,26.00,102049.90,-60.17,-0.08,1.14,9.54,-6.56,-0.19,359.94,1.06,-26.75,-4.75,0.00,-0.06,0.00,-0.04,1.12,9.74,-0.03,0.00,-0.21,0.06,0.00,0.00,1.00,
12202.00,27.22,26.00,102057.94,-60.83,-0.08,1.12,9.55,-6.56,-0.19,359.94,1.50,-26.75,-5.88,0.06,0.00,0.06,-0.04,1.12,9.74,0.00,0.02,-0.25,0.06,0.00,0.00,1.00,
12222.00,27.18,26.00,102056.44,-60.71,-0.05,1.12,9.54,-6.56,-0.19,359.94,1.50,-26.75,-5.88,0.06,-0.06,0.00,-0.04,1.12,9.74,-0.01,0.02,-0.20,0.06,0.00,0.00,1.00,
12246.00,27.14,26.00,102055.77,-60.65,-0.06,1.14,9.54,-6.56,-0.19,359.94,0.75,-26.38,-4.25,0.06,-0.06,-0.06,-0.04,1.12,9.74,-0.01,0.02,-0.19,0.06,0.00,0.00,1.00,
12267.00,27.10,26.00,102054.27,-60.31,-0.08,1.12,9.53,-6.56,-0.19,359.94,0.75,-26.38,-4.25,-0.12,-0.12,0.06,-0.04,1.12,9.74,-0.04,0.00,-0.20,0.06,0.00,0.00,1.00,
12288.00,27.06,26.00,102057.11,-60.77,-0.08,1.14,9.53,-6.56,-0.19,359.94,1.06,-26.00,-6.25,0.06,-0.12,-0.06,-0.04,1.12,9.74,-0.02,0.02,-0.17,0.06,0.00,0.00,1.00,
12312.00,27.03,26.00,102060.72,-61.06,-0.04,1.15,9.53,-6.56,-0.19,359.94,1.06,-26.00,-6.25,-0.06,0.00,-0.12,-0.04,1.12,9.74,-0.01,0.00,-0.23,0.06,0.00,0.00,1.00,
12333.00,27.00,26.00,102053.08,-60.43,-0.05,1.15,9.56,-6.56,-0.19,359.94,1.50,-26.38,-5.88,0.19,0.00,-0.06,-0.04,1.12,9.74,-0.02,0.00,-0.15,0.06,0.00,0.00,1.00,
12354.00,26.95,26.00,102047.31,-59.95,-0.09,1.13,9.54,-6.56,-0.19,359.94,1.50,-26.38,-5.88,0.00,0.00,0.00,-0.04,1.12,9.74,-0.03,0.00,-0.19,0.06,0.00,0.00,1.00,
12376.00,26.91,26.00,102050.98,-60.26,-0.09,1.14,9.55,-6.56,-0.19,359.94,1.50,-26.38,-5.88,0.00,-0.19,0.06,-0.04,1.12,9.74,-0.04,0.02,-0.18,0.06,0.00,0.00,1.00,
12397.00,26.90,26.00,102055.42,-60.63,-0.06,1.13,9.54,-6.56,-0.19,359.94,1.06,-25.25,-5.88,0.00,0.06,0.00,-0.04,1.12,9.74,-0.01,0.00,-0.19,0.06,0.00,0.00,1.00,
12418.00,26.86,26.00,102053.92,-60.50,-0.06,1.15,9.58,-6.56,-0.19,359.94,1.06,-25.25,-5.88,-0.06,0.12,0.06,-0.04,1.12,9.74,-0.03,0.01,-0.15,0.06,0.00,0.00,1.00,
12442.00,26.83,26.00,102048.84,-60.08,-0.08,1.12,9.56,-6.56,-0.19,359.94,1.50,-25.56,-5.50,0.06,-0.19,0.06,-0.04,1.12,9.74,-0.04,0.02,-0.15,0.06,0.00,0.00,1.00,
12463.00,26.80,26.00,102051.63,-60.31,-0.10,1.13,9.55,-6.56,-0.19,359.94,1.50,-25.56,-5.50,-0.06,0.00,0.06,-0.04,1.12,9.74,-0.04,0.02,-0.18,0.06,0.00,0.00,1.00,
12484.00,26.78,26.00,102050.84,-60.25,-0.10,1.12,9.61,-6.56,-0.19,359.94,1.50,-24.50,-5.88,-0.06,0.06,0.00,-0.04,1.12,9.74,-0.03,0.00,-0.14,0.06,0.00,0.00,1.00,
12505.00,26.76,26.00,102055.29,-61.04,-0.08,1.13,9.55,-6.56,-0.19,359.94,1.50,-24.50,-5.88,0.12,0.06,-0.06,-0.04,1.12,9.74,-0.04,0.01,-0.18,0.06,0.00,0.00,1.00,
12528.00,26.73,26.00,102058.08,-60.41,-0.07,1.14,9.58,-6.56,-0.19,359.94,1.50,-24.50,-5.88,0.00,0.00,0.00,-0.04,1.12,9.74,-0.03,0.02,-0.13,0.06,0.00,0.00,1.00,
12549.00,26.71,26.00,102055.55,-60.64,-0.10,1.14,9.62,-6.56,-0.19,359.94,3.00,-24.06,-5.50,0.12,-0.06,0.06,-0.04,1.12,9.74,-0.06,0.00,-0.17,0.06,0.00,0.00,1.00,
12570.00,26.68,26.00,102055.70,-60.65,-0.13,1.13,9.60,-6.56,-0.19,359.94,3.00,-24.06,-5.50,0.06,0.00,0.06,-0.04,1.12,9.74,-0.05,0.00,-0.13,0.06,0.00,0.00,1.00,
12594.00,26.66,26.00,102051.52,-60.30,-0.09,1.13,9.61,-6.56,-0.19,359.94,2.56,-26.00,-4.75,-0.06,0.06,0.12,-0.04,1.12,9.74,-0.05,0.02,-0.14,0.06,0.00,0.00,1.00,
12615.00,26.63,26.00,102054.27,-60.53,-0.09,1.11,9.61,-6.56,-0.19,359.94,2.56,-26.00,-4.75,0.00,0.06,0.12,-0.04,1.12,9.74,-0.04,-0.01,-0.12,0.06,0.00,0.00,1.00,
12636.00,26.61,26.00,102051.75,-60.32,-0.13,1.14,9.64,-6.56,-0.19,359.94,3.00,-24.50,-5.50,0.06,-0.06,0.12,-0.04,1.12,9.74,-0.09,0.01,-0.09,0.06,0.00,0.00,1.00,
12660.00,26.59,26.00,102050.17,-60.19,-0.10,1.14,9.61,-6.56,-0.19,359.94,3.00,-24.50,-5.50,-0.06,0.12,0.12,-0.04,1.12,9.74,-0.08,0.00,-0.06,0.06,0.00,0.00,1.00,
12679.00,26.56,26.00,102045.12,-59.77,-0.11,1.15,9.67,-6.56,-0.19,359.94,3.00,-24.50,-5.50,0.00,0.19,0.06,-0.04,1.12,9.74,-0.06,0.00,-0.07,0.06,0.00,0.00,1.00,
12700.00,26.55,26.00,102046.89,-59.92,-0.10,1.15,9.67,-6.56,-0.19,359.94,3.38,-24.50,-4.75,0.06,0.00,0.06,-0.04,1.12,9.74,-0.08,0.00,-0.09,0.06,0.00,0.00,1.00,
12722.00,26.52,26.00,102047.04,-59.93,-0.13,1.13,9.65,-6.56,-0.19,359.94,3.38,-24.50,-4.75,0.06,-0.12,0.00,-0.04,1.12,9.74,-0.10,0.00,-0.06,0.06,0.00,0.00,1.00,
12743.00,26.51,26.00,102049.72,-60.15,-0.11,1.12,9.66,-6.56,-0.19,359.94,2.56,-23.75,-3.88,0.00,-0.12,0.00,-0.04,1.12,9.74,-0.08,0.00,-0.06,0.06,0.00,0.00,1.00,
12764.00,26.51,26.00,102047.11,-59.94,-0.14,1.10,9.65,-6.56,-0.19,359.94,2.56,-23.75,-3.88,0.00,0.00,0.12,-0.04,1.12,9.74,-0.09,-0.01,-0.10,0.06,0.00,0.00,1.00,
12788.00,26.51,28.00,102041.92,-59.51,-0.14,1.11,9.65,-6.56,-0.19,359.94,2.56,-24.88,-4.75,0.06,0.00,-0.12,-0.04,1.12,9.74,-0.11,0.00,-0.04,0.06,0.00,0.00,1.00,
12809.00,26.52,28.00,102043.61,-59.65,-0.13,1.13,9.69,-6.56,-0.19,359.94,2.56,-24.88,-4.75,-0.06,0.12,0.00,-0.04,1.12,9.74,-0.08,-0.02,-0.09,0.06,0.00,0.00,1.00,
12828.00,26.53,28.00,102040.08,-59.36,-0.16,1.12,9.68,-6.56,-0.19,359.94,2.56,-24.88,-4.75,-0.06,0.19,0.06,-0.04,1.12,9.74,-0.09,-0.01,-0.05,0.06,0.00,0.00,1.00,
12852.00,26.57,28.00,102046.81,-59.91,-0.15,1.11,9.73,-6.56,-0.19,359.94,2.56,-24.50,-5.88,0.06,0.06,-0.12,-0.04,1.12,9.74,-0.10,-0.01,-0.04,0.06,0.00,0.00,1.00,
12872.00,26.60,28.00,102041.43,-59.47,-0.15,1.11,9.69,-6.56,-0.19,359.94,2.56,-24.50,-5.88,0.06,0.00,0.00,-0.04,1.12,9.74,-0.08,-0.01,-0.01,0.06,0.00,0.00,1.00,
12893.00,26.62,28.00,102037.85,-59.17,-0.12,1.12,9.68,-6.56,-0.19,359.94,2.56,-24.50,-4.25,0.00,0.00,0.00,-0.04,1.12,9.74,-0.10,-0.02,-0.08,0.06,0.00,0.00,1.00,
12913.00,26.68,28.00,102047.08,-59.93,-0.12,1.13,9.69,-6.56,-0.19,359.94,2.56,-24.50,-4.25,-0.06,-0.06,0.12,-0.04,1.12,9.74,-0.09,-0.02,-0.04,0.06,0.00,0.00,1.00,
12938.00,26.74,28.00,102039.77,-59.33,-0.15,1.10,9.69,-6.56,-0.19,359.94,1.88,-24.06,-4.75,0.06,0.00,-0.06,-0.04,1.12,9.74,-0.11,-0.02,-0.04,0.06,0.00,0.00,1.00,
12959.00,26.80,28.00,102029.06,-58.44,-0.14,1.13,9.66,-6.56,-0.19,359.94,1.88,-24.06,-4.75,0.00,-0.19,-0.12,-0.04,1.12,9.74,-0.09,-0.04,-0.06,0.06,0.00,0.00,1.00,
12978.00,26.88,28.00,102041.67,-59.49,-0.11,1.11,9.67,-6.56,-0.19,359.94,1.88,-24.06,-4.75,0.00,0.12,0.00,-0.04,1.12,9.74,-0.08,-0.01,-0.02,0.06,0.00,0.00,1.00,
13002.00,26.96,28.00,102041.17,-59.45,-0.12,1.12,9.72,-6.56,-0.19,359.94,2.25,-24.50,-5.06,0.12,-0.12,-0.06,-0.04,1.12,9.74,-0.10,-0.02,-0.07,0.06,0.00,0.00,1.00,
13021.00,27.04,28.00,102038.15,-59.20,-0.15,1.10,9.69,-6.56,-0.19,359.94,2.25,-24.50,-5.06,-0.06,0.06,0.06,-0.04,1.12,9.74,-0.11,-0.02,-0.04,0.06,0.00,0.00,1.00,
13042.00,27.11,28.00,102037.76,-59.16,-0.14,1.13,9.72,-6.56,-0.19,359.94,2.56,-24.88,-4.75,0.06,-0.19,-0.12,-0.04,1.12,9.74,-0.10,-0.04,-0.05,0.06,0.00,0.00,1.00,
13066.00,27.20,28.00,102039.84,-59.34,-0.13,1.11,9.68,-6.56,-0.19,359.94,2.56,-24.88,-4.75,0.00,-0.06,0.06,-0.04,1.12,9.74,-0.09,-0.01,-0.05,0.06,0.00,0.00,1.00,
13087.00,27.31,28.00,102034.05,-58.86,-0.14,1.11,9.72,-6.56,-0.19,359.94,3.00,-24.88,-4.75,-0.06,-0.06,-0.12,-0.04,1.12,9.74,-0.10,-0.01,-0.01,0.06,0.00,0.00,1.00,
13109.00,27.39,28.00,102030.06,-59.39,-0.13,1.10,9.68,-6.56,-0.19,359.94,3.00,-24.88,-4.75,0.06,-0.19,0.00,-0.04,1.12,9.74,-0.08,-0.02,-0.04,0.06,0.00,0.00,1.00,
13133.00,27.48,28.00,102030.44,-58.56,-0.11,1.11,9.69,-6.56,-0.19,359.94,3.00,-23.38,-3.88,0.00,0.06,0.00,-0.04,1.12,9.74,-0.09,-0.01,-0.01,0.06,0.00,0.00,1.00,
13153.00,27.59,28.00,102048.05,-60.01,-0.12,1.09,9.69,-6.56,-0.19,359.94,3.00,-23.38,-3.88,0.00,0.00,-0.19,-0.04,1.12,9.74,-0.12,-0.03,-0.02,0.06,0.00,0.00,1.00,
13172.00,27.68,28.00,102047.53,-59.54,-0.14,1.10,9.71,-6.56,-0.19,359.94,3.00,-23.38,-3.88,0.06,0.00,-0.06,-0.04,1.12,9.74,-0.11,-0.01,-0.02,0.06,0.00,0.00,1.00,
13196.00,27.76,28.00,102046.99,-59.93,-0.12,1.09,9.69,-6.56,-0.19,359.94,2.25,-23.75,-3.88,0.00,0.00,0.06,-0.04,1.12,9.74,-0.08,-0.03,-0.04,0.06,0.00,0.00,1.00,
13217.00,27.87,28.00,102049.81,-60.16,-0.11,1.08,9.67,-6.56,-0.19,359.94,2.25,-23.75,-3.88,0.00,0.19,-0.12,-0.04,1.12,9.74,-0.07,-0.04,-0.06,0.06,0.00,0.00,1.00,
13239.00,27.93,28.00,102046.01,-59.85,-0.16,1.10,9.67,-6.56,-0.19,359.94,2.25,-24.88,-4.75,0.00,-0.19,0.00,-0.04,1.12,9.74,-0.12,-0.01,-0.03,0.06,0.00,0.00,1.00,
13266.00,28.01,28.00,102044.64,-59.73,-0.13,1.11,9.69,-6.56,-0.19,359.94,2.25,-24.88,-4.75,-0.06,0.06,-0.12,-0.04,1.12,9.74,-0.09,-0.01,-0.04,0.06,0.00,0.00,1.00,
13288.00,28.06,28.00,102049.59,-60.14,-0.11,1.11,9.68,-6.56,-0.19,359.94,3.38,-24.88,-4.75,-0.06,0.00,0.06,-0.04,1.12,9.74,-0.07,-0.01,-0.05,0.06,0.00,0.00,1.00,
13309.00,28.10,28.00,102048.50,-60.05,-0.13,1.11,9.67,-6.56,-0.19,359.94,3.38,-24.88,-4.75,0.00,0.00,-0.06,-0.04,1.12,9.74,-0.10,-0.04,-0.04,0.06,0.00,0.00,1.00,
13333.00,28.13,28.00,102045.70,-59.82,-0.16,1.09,9.67,-6.56,-0.19,359.94,2.25,-24.88,-5.56,0.12,-0.12,0.00,-0.04,1.12,9.74,-0.11,-0.01,-0.01,0.06,0.00,0.00,1.00,
13353.00,28.14,28.00,102045.61,-60.24,-0.14,1.07,9.70,-6.56,-0.19,359.94,2.25,-24.88,-5.56,0.00,0.06,-0.12,-0.04,1.12,9.74,-0.09,-0.03,-0.07,0.06,0.00,0.00,1.00,
13372.00,28.15,28.00,102049.91,-60.17,-0.12,1.09,9.69,-6.56,-0.19,359.94,2.25,-24.88,-5.56,0.00,-0.06,-0.12,-0.04,1.12,9.74,-0.10,-0.02,-0.04,0.06,0.00,0.00,1.00,
13393.00,28.14,28.00,102046.44,-59.88,-0.13,1.09,9.68,-6.56,-0.19,359.94,2.25,-26.00,-4.38,0.06,0.06,-0.06,-0.04,1.12,9.74,-0.09,-0.02,-0.02,0.06,0.00,0.00,1.00,
13417.00,28.13,28.00,102046.56,-59.89,-0.16,1.08,9.72,-6.56,-0.19,359.94,2.25,-26.00,-4.38,0.00,0.12,0.00,-0.04,1.12,9.74,-0.12,-0.04,-0.02,0.06,0.00,0.00,1.00,
13438.00,28.12,28.00,102049.25,-60.11,-0.16,1.11,9.71,-6.56,-0.19,359.94,2.25,-25.25,-4.75,0.12,0.00,0.00,-0.04,1.12,9.74,-0.10,-0.03,-0.02,0.06,0.00,0.00,1.00,
13459.00,28.10,28.00,102046.73,-59.91,-0.13,1.07,9.71,-6.56,-0.19,359.94,2.25,-25.25,-4.75,-0.06,0.06,0.00,-0.04,1.12,9.74,-0.08,-0.04,-0.04,0.06,0.00,0.00,1.00,
13484.00,28.07,28.00,102049.50,-60.14,-0.16,1.09,9.70,-6.56,-0.19,359.94,1.88,-26.38,-6.38,0.06,0.06,-0.06,-0.04,1.12,9.74,-0.12,-0.02,0.00,0.06,0.00,0.00,1.00,
13513.00,28.04,28.00,102048.84,-60.08,-0.14,1.10,9.70,-6.56,-0.19,359.94,1.88,-26.38,-6.38,0.00,0.12,0.00,-0.04,1.12,9.74,-0.12,-0.05,-0.03,0.06,0.00,0.00,1.00,
13534.00,28.01,28.00,102051.59,-60.31,-0.16,1.09,9.69,-6.56,-0.19,359.94,1.88,-24.50,-3.88,0.12,0.00,-0.12,-0.04,1.12,9.74,-0.11,-0.04,-0.03,0.06,0.00,0.00,1.00,
13558.00,27.97,28.00,102050.09,-60.18,-0.16,1.08,9.67,-6.56,-0.19,359.94,1.88,-24.50,-3.88,0.06,-0.06,0.06,-0.04,1.12,9.74,-0.12,-0.01,0.00,0.06,0.00,0.00,1.00,
13577.00,27.93,28.00,102046.01,-59.85,-0.16,1.10,9.76,-6.56,-0.19,359.94,1.88,-24.50,-3.88,0.00,0.00,0.00,-0.04,1.12,9.74,-0.12,-0.02,0.02,0.06,0.00,0.00,1.00,
13598.00,27.90,28.00,102051.38,-60.29,-0.18,1.11,9.70,-6.56,-0.19,359.94,1.88,-26.38,-5.56,0.00,-0.06,0.00,-0.04,1.12,9.74,-0.13,-0.01,-0.01,0.06,0.00,0.00,1.00,
13621.00,27.86,28.00,102053.33,-60.45,-0.16,1.09,9.76,-6.56,-0.19,359.94,1.88,-26.38,-5.56,0.00,0.06,-0.06,-0.04,1.12,9.74,-0.13,-0.03,-0.01,0.06,0.00,0.00,1.00,
13642.00,27.83,28.00,102053.52,-60.47,-0.16,1.08,9.72,-6.56,-0.19,359.94,2.56,-24.50,-5.06,0.00,0.06,0.06,-0.04,1.12,9.74,-0.11,-0.03,-0.01,0.06,0.00,0.00,1.00,
13672.00,27.77,28.00,102059.06,-60.93,-0.16,1.10,9.78,-6.56,-0.19,359.94,2.56,-24.50,-5.06,-0.06,0.06,0.06,-0.04,1.12,9.74,-0.12,0.00,-0.02,0.06,0.00,0.00,1.00,
13696.00,27.74,28.00,102056.66,-60.73,-0.18,1.10,9.71,-6.56,-0.19,359.94,3.00,-26.00,-5.88,0.00,-0.19,0.00,-0.04,1.12,9.74,-0.13,-0.02,-0.02,0.06,0.00,0.00,1.00,
13717.00,27.72,28.00,102061.09,-61.09,-0.15,1.07,9.72,-6.56,-0.19,359.94,3.00,-26.00,-5.88,0.00,0.00,0.00,-0.04,1.12,9.74,-0.11,-0.05,-0.01,0.06,0.00,0.00,1.00,
13738.00,27.69,28.00,102060.42,-61.04,-0.17,1.11,9.73,-6.56,-0.19,359.94,2.56,-25.56,-5.56,0.06,0.06,0.00,-0.04,1.12,9.74,-0.11,0.00,-0.03,0.06,0.00,0.00,1.00,
13762.00,27.67,28.00,102056.25,-60.69,-0.17,1.12,9.73,-6.56,-0.19,359.94,2.56,-25.56,-5.56,0.00,-0.06,0.06,-0.04,1.12,9.74,-0.14,-0.01,-0.01,0.06,0.00,0.00,1.00,
13782.00,27.64,28.00,102057.27,-60.78,-0.19,1.12,9.75,-6.56,-0.19,359.94,2.56,-25.56,-5.56,0.06,0.06,0.00,-0.04,1.12,9.74,-0.15,-0.04,0.01,0.06,0.00,0.00,1.00,
13803.00,27.62,29.00,102058.27,-60.86,-0.19,1.08,9.75,-6.56,-0.19,359.94,3.38,-25.56,-7.56,0.00,-0.25,0.00,-0.04,1.12,9.74,-0.13,-0.04,-0.01,0.06,0.00,0.00,1.00,
13824.00,27.57,29.00,102050.73,-60.24,-0.16,1.11,9.76,-6.56,-0.19,359.94,3.38,-25.56,-7.56,-0.06,-0.06,0.06,-0.04,1.12,9.74,-0.12,-0.01,0.02,0.06,0.00,0.00,1.00,
13845.00,27.57,29.00,102055.08,-60.60,-0.18,1.14,9.74,-6.56,-0.19,359.94,3.00,-25.56,-4.75,0.06,0.00,0.12,-0.04,1.12,9.74,-0.13,0.01,0.00,0.06,0.00,0.00,1.00,
13866.00,27.54,29.00,102052.67,-60.40,-0.19,1.08,9.75,-6.56,-0.19,359.94,3.00,-25.56,-4.75,0.06,0.00,0.06,-0.04,1.12,9.74,-0.14,-0.04,0.01,0.06,0.00,0.00,1.00,
13887.00,27.52,29.00,102057.95,-60.84,-0.17,1.09,9.76,-6.56,-0.19,359.94,3.38,-25.56,-4.38,0.00,-0.12,0.00,-0.04,1.12,9.74,-0.12,-0.03,0.02,0.06,0.00,0.00,1.00,
13910.00,27.48,29.00,102056.47,-60.71,-0.18,1.09,9.73,-6.56,-0.19,359.94,3.38,-25.56,-4.38,0.00,0.00,0.06,-0.04,1.12,9.74,-0.14,0.00,0.02,0.06,0.00,0.00,1.00,
13930.00,27.46,29.00,102058.31,-60.86,-0.16,1.13,9.73,-6.56,-0.19,359.94,3.38,-25.56,-4.38,0.06,0.00,0.06,-0.04,1.12,9.74,-0.12,0.00,0.01,0.06,0.00,0.00,1.00,
13951.00,27.45,29.00,102050.59,-60.23,-0.19,1.09,9.74,-6.56,-0.19,359.94,2.56,-25.56,-6.75,0.06,-0.06,0.00,-0.04,1.12,9.74,-0.15,-0.01,0.03,0.06,0.00,0.00,1.00,
13972.00,27.43,29.00,102057.62,-60.81,-0.19,1.09,9.75,-6.56,-0.19,359.94,2.56,-25.56,-6.75,-0.06,-0.12,0.06,-0.04,1.12,9.74,-0.14,-0.03,0.01,0.06,0.00,0.00,1.00,
13993.00,27.42,29.00,102058.53,-60.67,-0.17,1.08,9.74,-6.56,-0.19,359.94,2.25,-24.88,-4.38,0.12,-0.06,0.00,-0.04,1.12,9.74,-0.11,-0.02,0.00,0.06,0.00,0.00,1.00,
14014.00,27.39,29.00,102053.48,-60.47,-0.17,1.13,9.73,-6.56,-0.19,359.94,2.25,-24.88,-4.38,-0.06,-0.06,0.00,-0.04,1.12,9.74,-0.11,0.00,-0.02,0.06,0.00,0.00,1.00,
14038.00,27.38,29.00,102055.26,-60.61,-0.18,1.10,9.74,-6.56,-0.19,359.94,3.00,-24.88,-6.75,0.06,-0.12,0.00,-0.04,1.12,9.74,-0.14,-0.05,0.01,0.06,0.00,0.00,1.00,
14059.00,27.36,29.00,102054.51,-60.55,-0.16,1.08,9.77,-6.56,-0.19,359.94,3.00,-24.88,-6.75,0.00,0.06,0.06,-0.04,1.12,9.74,-0.15,-0.03,0.04,0.06,0.00,0.00,1.00,
14078.00,27.34,29.00,102058.13,-60.85,-0.18,1.12,9.76,-6.56,-0.19,359.94,3.00,-24.88,-6.75,0.00,0.06,0.12,-0.04,1.12,9.74,-0.14,-0.01,0.00,0.06,0.00,0.00,1.00,
14102.00,27.33,29.00,102052.07,-60.35,-0.16,1.13,9.77,-6.56,-0.19,359.94,3.00,-24.88,-6.25,-0.06,0.00,-0.06,-0.04,1.12,9.74,-0.12,-0.01,0.00,0.06,0.00,0.00,1.00,
14122.00,27.32,29.00,102060.81,-61.07,-0.18,1.10,9.71,-6.56,-0.19,359.94,3.00,-24.88,-6.25,0.12,-0.12,0.00,-0.04,1.12,9.74,-0.13,0.00,0.05,0.06,0.00,0.00,1.00,
14142.00,27.31,29.00,102064.33,-61.36,-0.17,1.10,9.79,-6.56,-0.19,359.94,3.00,-25.25,-5.56,-0.06,0.00,0.00,-0.04,1.12,9.74,-0.13,-0.04,0.00,0.06,0.00,0.00,1.00,
14166.00,27.30,29.00,102051.39,-60.29,-0.17,1.10,9.77,-6.56,-0.19,359.94,3.00,-25.25,-5.56,0.00,0.00,-0.06,-0.04,1.12,9.74,-0.13,-0.02,0.03,0.06,0.00,0.00,1.00,
14187.00,27.28,29.00,102053.25,-60.45,-0.18,1.12,9.73,-6.56,-0.19,359.94,3.38,-24.88,-5.06,-0.06,0.00,-0.06,-0.04,1.12,9.74,-0.13,0.00,0.00,0.06,0.00,0.00,1.00,
14208.00,27.27,29.00,102056.80,-60.95,-0.18,1.11,9.74,-6.56,-0.19,359.94,3.38,-24.88,-5.06,0.00,0.00,0.00,-0.04,1.12,9.74,-0.13,-0.01,0.03,0.06,0.00,0.00,1.00,
14232.00,27.26,29.00,102051.67,-60.53,-0.19,1.08,9.74,-6.56,-0.19,359.94,3.38,-24.88,-5.06,0.00,-0.06,0.06,-0.04,1.12,9.74,-0.15,-0.03,0.02,0.06,0.00,0.00,1.00,
14253.00,27.25,29.00,102057.78,-60.82,-0.18,1.12,9.76,-6.56,-0.19,359.94,4.06,-24.50,-5.56,0.06,0.12,0.06,-0.04,1.12,9.74,-0.17,-0.01,0.00,0.06,0.00,0.00,1.00,
14272.00,27.24,29.00,102053.52,-60.47,-0.18,1.10,9.71,-6.56,-0.19,359.94,4.06,-24.50,-5.56,-0.06,0.06,0.12,-0.04,1.12,9.74,-0.13,0.01,0.04,0.06,0.00,0.00,1.00,
14293.00,27.22,29.00,102053.60,-60.47,-0.17,1.11,9.76,-6.56,-0.19,359.94,3.38,-24.06,-5.56,0.06,-0.12,0.06,-0.04,1.12,9.74,-0.12,-0.01,0.01,0.06,0.00,0.00,1.00,
14317.00,27.22,29.00,102058.80,-60.91,-0.19,1.11,9.77,-6.56,-0.19,359.94,3.38,-24.06,-5.56,-0.06,0.12,0.25,-0.04,1.12,9.74,-0.14,-0.01,0.03,0.06,0.00,0.00,1.00,
14338.00,27.21,29.00,102054.52,-60.55,-0.20,1.13,9.74,-6.56,-0.19,359.94,3.75,-24.50,-4.75,-0.06,0.06,0.19,-0.04,1.12,9.74,-0.15,0.00,0.04,0.06,0.00,0.00,1.00,
14359.00,27.19,29.00,102053.77,-60.49,-0.18,1.12,9.73,-6.56,-0.19,359.94,3.75,-24.50,-4.75,-0.06,0.12,0.12,-0.04,1.12,9.74,-0.14,0.00,0.02,0.06,0.00,0.00,1.00,
14387.00,27.19,29.00,102051.16,-60.27,-0.17,1.13,9.77,-6.56,-0.19,359.94,3.75,-24.50,-5.56,0.00,-0.06,0.00,-0.04,1.12,9.74,-0.13,0.01,0.03,0.06,0.00,0.00,1.00,
14408.00,27.19,29.00,102053.77,-60.49,-0.20,1.10,9.72,-6.56,-0.19,359.94,3.75,-24.50,-5.56,0.06,0.06,0.12,-0.04,1.12,9.74,-0.13,0.00,0.06,0.06,0.00,0.00,1.00,
14427.00,27.20,29.00,102054.59,-60.56,-0.19,1.09,9.72,-6.56,-0.19,359.94,3.75,-24.50,-5.56,0.00,0.00,-0.06,-0.04,1.12,9.74,-0.15,-0.03,-0.02,0.06,0.00,0.00,1.00,
14451.00,27.20,29.00,102045.05,-59.77,-0.17,1.11,9.77,-6.56,-0.19,359.94,4.06,-24.50,-5.56,0.00,0.06,0.12,-0.04,1.12,9.74,-0.12,0.00,0.00,0.06,0.00,0.00,1.00,
14471.00,27.21,29.00,102046.70,-59.90,-0.17,1.11,9.76,-6.56,-0.19,359.94,4.06,-24.50,-5.56,0.00,0.06,0.06,-0.04,1.12,9.74,-0.14,-0.02,0.04,0.06,0.00,0.00,1.00,
14492.00,27.23,29.00,102046.62,-59.90,-0.19,1.11,9.77,-6.56,-0.19,359.94,3.75,-24.50,-3.88,-0.06,0.00,0.12,-0.04,1.12,9.74,-0.15,-0.01,0.01,0.06,0.00,0.00,1.00,
14517.00,27.25,29.00,102042.17,-59.53,-0.18,1.11,9.76,-6.56,-0.19,359.94,3.75,-24.50,-3.88,-0.06,0.06,0.00,-0.04,1.12,9.74,-0.13,-0.01,0.02,0.06,0.00,0.00,1.00,
14538.00,27.26,29.00,102042.09,-59.52,-0.17,1.13,9.76,-6.56,-0.19,359.94,4.06,-24.88,-3.88,0.12,-0.06,0.00,-0.04,1.12,9.74,-0.13,0.00,0.02,0.06,0.00,0.00,1.00,
14559.00,27.28,29.00,102037.64,-59.15,-0.18,1.11,9.78,-6.56,-0.19,359.94,4.06,-24.88,-3.88,0.00,-0.12,-0.06,-0.04,1.12,9.74,-0.13,-0.04,-0.01,0.06,0.00,0.00,1.00,
14583.00,27.33,29.00,102051.23,-60.28,-0.19,1.11,9.76,-6.56,-0.19,359.94,3.00,-24.50,-4.38,0.06,-0.06,0.00,-0.04,1.12,9.74,-0.15,-0.02,0.02,0.06,0.00,0.00,1.00,
14603.00,27.35,29.00,102044.18,-59.69,-0.18,1.11,9.74,-6.56,-0.19,359.94,3.00,-24.50,-4.38,0.00,0.00,0.00,-0.04,1.12,9.74,-0.15,-0.04,-0.04,0.06,0.00,0.00,1.00,
14622.00,27.38,29.00,102028.41,-58.39,-0.16,1.11,9.76,-6.56,-0.19,359.94,3.00,-24.50,-4.38,0.00,0.00,0.06,-0.04,1.12,9.74,-0.12,-0.02,0.03,0.06,0.00,0.00,1.00,
14643.00,27.42,29.00,102035.11,-58.94,-0.14,1.12,9.76,-6.56,-0.19,359.94,4.06,-24.06,-3.56,0.00,0.12,0.25,-0.04,1.12,9.74,-0.11,-0.02,0.04,0.06,0.00,0.00,1.00,
14667.00,27.47,29.00,102035.73,-58.99,-0.20,1.10,9.80,-6.56,-0.19,359.94,4.06,-24.06,-3.56,0.06,0.00,0.19,-0.04,1.12,9.74,-0.16,-0.02,0.06,0.06,0.00,0.00,1.00,
14688.00,27.55,29.00,102041.31,-59.46,-0.19,1.10,9.76,-6.56,-0.19,359.94,3.75,-24.50,-4.75,0.00,0.06,0.00,-0.04,1.12,9.74,-0.15,-0.01,0.04,0.06,0.00,0.00,1.00,
14710.00,27.60,29.00,102034.09,-58.86,-0.17,1.09,9.74,-6.56,-0.19,359.94,3.75,-24.50,-4.75,0.06,0.00,-0.06,-0.04,1.12,9.74,-0.14,-0.05,0.01,0.06,0.00,0.00,1.00,
14733.00,172.11,29.00,132903.23,-5348.26,-0.18,1.05,9.77,-6.56,-0.19,359.94,3.38,-25.25,-4.38,0.12,0.00,0.06,-0.04,1.12,9.74,-0.14,-0.04,0.03,0.06,0.00,0.00,1.00,
14752.00,172.11,29.00,132903.23,-5348.26,-0.19,1.12,9.78,-6.56,-0.19,359.94,3.38,-25.25,-4.38,0.06,0.06,-0.38,-0.04,1.12,9.74,-0.13,0.00,0.00,0.06,0.00,0.00,1.00,
14771.00,172.11,29.00,132903.23,-5348.26,-0.20,1.11,9.77,-6.56,-0.19,359.94,3.38,-25.25,-4.38,0.06,0.12,-0.19,-0.04,1.12,9.74,-0.12,-0.01,0.04,0.06,0.00,0.00,1.00,
14794.00,172.11,29.00,132903.23,-5348.26,-0.17,1.09,9.75,-6.56,-0.19,359.94,4.06,-24.50,-3.56,0.00,0.12,-0.12,-0.04,1.12,9.74,-0.11,-0.05,0.01,0.06,0.00,0.00,1.00,
14814.00,172.11,29.00,132903.23,-5348.26,-0.15,1.08,9.75,-6.56,-0.19,359.94,4.06,-24.50,-3.56,0.00,0.00,0.06,-0.04,1.12,9.74,-0.15,-0.03,0.06,0.06,0.00,0.00,1.00,
14834.00,172.11,29.00,132903.23,-5348.26,-0.20,1.09,9.77,-6.56,-0.19,359.94,3.38,-26.00,-4.38,0.00,0.06,-0.19,-0.04,1.12,9.74,-0.16,-0.03,0.05,0.06,0.00,0.00,1.00,
14857.00,172.11,29.00,132903.23,-5348.26,-0.19,1.08,9.79,-6.56,-0.19,359.94,3.38,-26.00,-4.38,0.00,0.06,-0.06,-0.04,1.12,9.74,-0.15,-0.04,0.05,0.06,0.00,0.00,1.00,
14873.00,172.11,29.00,132903.23,-5348.26,-0.19,1.07,9.73,-6.56,-0.19,359.94,3.38,-26.00,-4.38,-0.12,0.06,-0.06,-0.04,1.12,9.74,-0.14,-0.05,-0.01,0.06,0.00,0.00,1.00,
14893.00,172.11,29.00,132903.23,-5348.26,-0.18,1.07,9.80,-6.56,-0.19,359.94,3.00,-24.88,-4.75,0.00,0.00,-0.25,-0.04,1.12,9.74,-0.14,-0.05,-0.01,0.06,0.00,0.00,1.00,
14916.00,172.11,29.00,132903.23,-5348.26,-0.19,1.08,9.74,-6.56,-0.19,359.94,3.00,-24.88,-4.75,-0.06,-0.06,-0.06,-0.04,1.12,9.74,-0.14,-0.04,0.00,0.06,0.00,0.00,1.00,
14936.00,172.11,29.00,132903.23,-5348.26,-0.19,1.05,9.77,-6.56,-0.19,359.94,2.25,-26.38,-4.00,-0.06,-0.06,-0.06,-0.04,1.12,9.74,-0.15,-0.07,0.03,0.06,0.00,0.00,1.00,
14956.00,172.11,29.00,132903.23,-5348.26,-0.18,1.07,9.76,-6.56,-0.19,359.94,2.25,-26.38,-4.00,0.00,-0.12,-0.12,-0.04,1.12,9.74,-0.14,-0.05,0.02,0.06,0.00,0.00,1.00,
14977.00,172.11,29.00,132903.23,-5348.26,-0.19,1.08,9.76,-6.56,-0.19,359.94,2.25,-26.38,-4.00,0.00,-0.06,-0.06,-0.04,1.12,9.74,-0.14,-0.04,0.02,0.06,0.00,0.00,1.00,
14997.00,172.11,29.00,132903.23,-5348.26,-0.19,1.08,9.78,-6.56,-0.19,359.94,1.50,-28.25,-3.88,0.00,0.12,-0.12,-0.04,1.12,9.74,-0.14,-0.04,0.04,0.06,0.00,0.00,1.00,
15017.00,172.11,29.00,132903.23,-5348.26,-0.18,1.06,9.74,-6.56,-0.19,359.94,1.50,-28.25,-3.88,0.00,0.00,0.00,-0.04,1.12,9.74,-0.14,-0.05,0.00,0.06,0.00,0.00,1.00,
15040.00,172.11,29.00,132903.23,-5348.26,-0.17,1.10,9.78,-6.56,-0.19,359.94,1.88,-30.75,-3.56,0.12,-0.12,-0.06,-0.04,1.12,9.74,-0.15,-0.03,0.03,0.06,0.00,0.00,1.00,
15060.00,172.11,29.00,132903.23,-5348.26,-0.21,1.06,9.73,-6.56,-0.19,359.94,1.88,-30.75,-3.56,0.12,-0.12,-0.06,-0.04,1.12,9.74,-0.15,-0.04,0.05,0.06,0.00,0.00,1.00,
15078.00,172.11,29.00,132903.23,-5348.26,-0.20,1.10,9.81,-6.56,-0.19,359.94,1.88,-30.75,-3.56,0.12,-0.06,-0.12,-0.04,1.12,9.74,-0.16,-0.07,0.05,0.06,0.00,0.00,1.00,
15101.00,172.11,29.00,132903.23,-5348.26,-0.18,1.06,9.77,-6.56,-0.19,359.94,1.50,-34.19,-4.00,0.00,-0.12,-0.19,-0.04,1.12,9.74,-0.12,-0.04,0.00,0.06,0.00,0.00,1.00,
15121.00,172.11,29.00,132903.23,-5348.26,-0.17,1.10,9.74,-6.56,-0.19,359.94,1.50,-34.19,-4.00,0.12,-0.19,-0.12,-0.04,1.12,9.74,-0.15,-0.02,0.01,0.06,0.00,0.00,1.00,
15141.00,172.11,29.00,132903.23,-5348.26,-0.18,1.07,9.81,-6.56,-0.19,359.94,-0.69,-36.06,-0.38,0.00,0.00,-0.19,-0.04,1.12,9.74,-0.16,-0.05,0.00,0.06,0.00,0.00,1.00,
15163.00,172.11,29.00,132903.23,-5348.26,-0.20,1.07,9.76,-6.56,-0.19,359.94,-0.69,-36.06,-0.38,0.00,0.06,-0.12,-0.04,1.12,9.74,-0.17,-0.05,0.06,0.06,0.00,0.00,1.00,
15183.00,172.11,29.00,132903.23,-5348.26,-0.21,1.08,9.79,-6.56,-0.19,359.94,-1.75,-36.75,-0.38,0.06,0.12,-0.12,-0.04,1.12,9.74,-0.16,-0.04,0.02,0.06,0.00,0.00,1.00,
15203.00,172.11,29.00,132903.23,-5348.26,-0.18,1.08,9.78,-6.56,-0.19,359.94,-1.75,-36.75,-0.38,0.00,0.12,-0.19,-0.04,1.12,9.74,-0.14,-0.01,0.00,0.06,0.00,0.00,1.00,
15223.00,172.11,29.00,132903.23,-5348.26,-0.18,1.09,9.75,-6.56,-0.19,359.94,-1.75,-36.75,-0.38,-0.06,-0.06,-0.12,-0.04,1.12,9.74,-0.13,-0.03,0.01,0.06,0.00,0.00,1.00,
15242.00,172.11,29.00,132903.23,-5348.26,-0.18,1.08,9.77,-6.56,-0.19,359.94,-2.88,-36.75,3.19,0.00,0.06,-0.19,-0.04,1.12,9.74,-0.14,-0.05,0.01,0.06,0.00,0.00,1.00,
15262.00,172.11,29.00,132903.23,-5348.26,-0.23,1.08,9.79,-6.56,-0.19,359.94,-2.88,-36.75,3.19,0.06,0.00,-0.12,-0.04,1.12,9.74,-0.18,-0.03,0.03,0.06,0.00,0.00,1.00,
15281.00,172.11,29.00,132903.23,-5348.26,-0.21,1.08,9.80,-6.56,-0.19,359.94,-2.88,-36.75,3.19,0.06,0.06,-0.06,-0.04,1.12,9.74,-0.17,-0.04,0.03,0.06,0.00,0.00,1.00,
15304.00,172.11,29.00,132903.23,-5348.26,-0.22,1.08,9.77,-6.56,-0.19,359.94,-2.56,-36.38,3.88,0.06,-0.06,-0.19,-0.04,1.12,9.74,-0.14,-0.02,0.00,0.06,0.00,0.00,1.00,
15322.00,172.11,29.00,132903.23,-5348.26,-0.17,1.09,9.76,-6.56,-0.19,359.94,-2.56,-36.38,3.88,0.00,-0.06,0.00,-0.04,1.12,9.74,-0.11,-0.04,0.03,0.06,0.00,0.00,1.00,
15342.00,172.11,29.00,132903.23,-5348.26,-0.16,1.08,9.76,-6.56,-0.19,359.94,-3.25,-36.06,4.38,0.00,0.00,-0.06,-0.04,1.12,9.74,-0.13,-0.03,0.07,0.06,0.00,0.00,1.00,
15364.00,172.11,29.00,132903.23,-5348.26,-0.19,1.11,9.80,-6.56,-0.19,359.94,-3.25,-36.06,4.38,-0.12,0.06,-0.06,-0.04,1.12,9.74,-0.15,-0.01,0.06,0.06,0.00,0.00,1.00,
15384.00,172.11,29.00,132903.23,-5348.26,-0.21,1.10,9.80,-6.56,-0.19,359.94,-4.06,-36.38,4.38,-0.06,0.06,-0.12,-0.04,1.12,9.74,-0.17,-0.05,0.07,0.06,0.00,0.00,1.00,
15404.00,172.11,29.00,132903.23,-5348.26,-0.21,1.07,9.78,-6.56,-0.19,359.94,-4.06,-36.38,4.38,0.06,0.06,-0.19,-0.04,1.12,9.74,-0.14,-0.02,0.03,0.06,0.00,0.00,1.00,
15430.00,172.11,29.00,132903.23,-5348.26,-0.18,1.08,9.76,-6.56,-0.19,359.94,-4.06,-36.38,4.38,0.06,0.19,-0.06,-0.04,1.12,9.74,-0.15,-0.01,0.05,0.06,0.00,0.00,1.00,
15450.00,-135.13,29.00,80653.41,2832.80,-0.20,1.10,9.77,-6.56,-0.19,359.94,-4.38,-36.38,5.56,0.06,0.06,-0.12,-0.04,1.12,9.74,-0.14,-0.01,0.04,0.06,0.00,0.00,1.00,
15470.00,172.11,29.00,132903.23,-5348.26,-0.19,1.12,9.77,-6.56,-0.19,359.94,-4.38,-36.38,5.56,0.12,-0.12,-0.19,-0.04,1.12,9.74,-0.16,-0.03,0.02,0.06,0.00,0.00,1.00,
15493.00,172.11,29.00,132903.23,-5348.26,-0.20,1.09,9.76,-6.56,-0.19,359.94,-4.06,-36.06,5.88,0.00,0.00,-0.12,-0.04,1.12,9.74,-0.18,-0.05,0.06,0.06,0.00,0.00,1.00,
15512.00,172.11,29.00,132903.23,-5348.26,-0.21,1.07,9.81,-6.56,-0.19,359.94,-4.06,-36.06,5.88,-0.06,0.12,-0.19,-0.04,1.12,9.74,-0.16,-0.03,0.01,0.06,0.00,0.00,1.00,
15532.00,172.11,29.00,132903.23,-5348.26,-0.19,1.09,9.73,-6.56,-0.19,359.94,-4.06,-36.06,5.88,-0.06,-0.06,-0.12,-0.04,1.12,9.74,-0.12,-0.01,0.02,0.06,0.00,0.00,1.00,
15555.00,172.11,29.00,132903.23,-5348.26,-0.15,1.09,9.69,-6.56,-0.19,359.94,-4.75,-36.75,4.38,0.00,0.12,-0.06,-0.04,1.12,9.74,-0.11,-0.03,-0.04,0.06,0.00,0.00,1.00,
15572.00,172.11,29.00,132903.23,-5348.26,-0.16,1.08,9.81,-6.56,-0.19,359.94,-4.75,-36.75,4.38,0.00,-0.06,-0.19,-0.04,1.12,9.74,-0.14,0.00,0.05,0.06,0.00,0.00,1.00,
15592.00,172.11,29.00,132903.23,-5348.26,-0.21,1.09,9.78,-6.56,-0.19,359.94,-4.38,-36.06,5.56,-0.06,0.06,0.00,-0.04,1.12,9.74,-0.16,-0.04,0.00,0.06,0.00,0.00,1.00,
15615.00,172.11,29.00,132903.23,-5348.26,-0.21,1.10,9.84,-6.56,-0.19,359.94,-4.38,-36.06,5.56,0.00,-0.06,0.00,-0.04,1.12,9.74,-0.17,-0.02,0.10,0.06,0.00,0.00,1.00,
15634.00,172.11,29.00,132903.23,-5348.26,-0.19,1.11,9.74,-6.56,-0.19,359.94,-4.38,-36.38,5.88,0.06,-0.12,-0.06,-0.04,1.12,9.74,-0.15,-0.01,0.00,0.06,0.00,0.00,1.00,
15654.00,172.11,29.00,132903.23,-5348.26,-0.18,1.11,9.76,-6.56,-0.19,359.94,-4.38,-36.38,5.88,0.00,0.12,-0.12,-0.04,1.12,9.74,-0.14,-0.01,0.06,0.06,0.00,0.00,1.00,
15674.00,172.11,29.00,132903.23,-5348.26,-0.19,1.07,9.77,-6.56,-0.19,359.94,-4.38,-36.38,5.88,-0.06,0.00,-0.06,-0.04,1.12,9.74,-0.14,-0.05,0.03,0.06,0.00,0.00,1.00,
15694.00,172.11,29.00,132903.23,-5348.26,-0.21,1.09,9.76,-6.56,-0.19,359.94,-5.56,-36.75,6.38,0.06,0.00,-0.06,-0.04,1.12,9.74,-0.18,-0.04,0.09,0.06,0.00,0.00,1.00,
15714.00,172.11,29.00,132903.23,-5348.26,-0.23,1.06,9.76,-6.56,-0.19,359.94,-5.56,-36.75,6.38,0.00,0.06,-0.06,-0.04,1.12,9.74,-0.15,-0.03,0.00,0.06,0.00,0.00,1.00,
15737.00,172.11,29.00,132903.23,-5348.26,-0.18,1.12,9.81,-6.56,-0.19,359.94,-4.75,-35.69,6.38,0.00,0.06,0.00,-0.04,1.12,9.74,-0.13,0.00,0.07,0.06,0.00,0.00,1.00,
15756.00,172.11,29.00,132903.23,-5348.26,-0.17,1.09,9.75,-6.56,-0.19,359.94,-4.75,-35.69,6.38,0.06,0.12,-0.06,-0.04,1.12,9.74,-0.12,-0.03,0.01,0.06,0.00,0.00,1.00,
15773.00,172.11,29.00,132903.23,-5348.26,-0.21,1.09,9.82,-6.56,-0.19,359.94,-4.75,-35.69,6.38,0.06,0.19,-0.12,-0.04,1.12,9.74,-0.16,-0.03,0.07,0.06,0.00,0.00,1.00,
15796.00,172.11,29.00,132903.23,-5348.26,-0.23,1.07,9.83,-6.56,-0.19,359.94,-4.38,-35.69,6.75,0.06,0.12,-0.06,-0.04,1.12,9.74,-0.19,-0.05,0.08,0.06,0.00,0.00,1.00,
15816.00,172.11,29.00,132903.23,-5348.26,-0.19,1.10,9.82,-6.56,-0.19,359.94,-4.38,-35.69,6.75,-0.06,0.00,-0.06,-0.04,1.12,9.74,-0.14,-0.02,0.08,0.06,0.00,0.00,1.00,
15835.00,172.11,29.00,132903.23,-5348.26,-0.18,1.10,9.76,-6.56,-0.19,359.94,-4.75,-36.38,6.38,0.00,0.06,0.00,-0.04,1.12,9.74,-0.14,-0.02,0.02,0.06,0.00,0.00,1.00,
15859.00,172.11,29.00,132903.23,-5348.26,-0.18,1.08,9.79,-6.56,-0.19,359.94,-4.75,-36.38,6.38,0.06,-0.12,0.00,-0.04,1.12,9.74,-0.16,-0.03,0.04,0.06,0.00,0.00,1.00,
15876.00,172.11,29.00,132903.23,-5348.26,-0.21,1.09,9.77,-6.56,-0.19,359.94,-4.75,-36.38,6.38,0.00,0.00,0.06,-0.04,1.12,9.74,-0.16,-0.03,0.03,0.06,0.00,0.00,1.00,
15896.00,172.11,29.00,132903.23,-5348.26,-0.20,1.09,9.80,-6.56,-0.19,359.94,-5.19,-36.00,5.19,0.12,-0.06,0.00,-0.04,1.12,9.74,-0.16,-0.03,0.06,0.06,0.00,0.00,1.00,
15916.00,172.11,29.00,132903.23,-5348.26,-0.19,1.09,9.78,-6.56,-0.19,359.94,-5.19,-36.00,5.19,-0.06,0.06,-0.06,-0.04,1.12,9.74,-0.15,-0.03,0.04,0.06,0.00,0.00,1.00,
15950.00,-74.45,29.00,89838.46,-441.01,-0.18,1.08,9.78,-6.56,-0.19,359.94,-5.19,-35.56,4.75,0.00,0.06,-0.12,-0.04,1.12,9.74,-0.16,-0.03,0.06,0.06,0.00,0.00,1.00,
15970.00,172.11,29.00,132903.23,-5348.26,-0.19,1.08,9.81,-6.56,-0.19,359.94,-5.19,-35.56,4.75,0.06,-0.19,0.00,-0.04,1.12,9.74,-0.17,-0.01,0.09,0.06,0.00,0.00,1.00,
15990.00,172.11,29.00,132903.23,-5348.26,-0.20,1.10,9.80,-6.56,-0.19,359.94,-4.75,-36.00,5.56,-0.06,-0.12,0.00,-0.04,1.12,9.74,-0.16,-0.02,0.03,0.06,0.00,0.00,1.00,
16013.00,172.11,29.00,132903.23,-5348.26,-0.21,1.11,9.79,-6.56,-0.19,359.94,-4.75,-36.00,5.56,0.00,-0.12,0.00,-0.04,1.12,9.74,-0.13,-0.02,0.03,0.06,0.00,0.00,1.00,
16032.00,172.11,29.00,132903.23,-5348.26,-0.20,1.10,9.79,-6.56,-0.19,359.94,-4.75,-36.00,5.56,0.00,-0.06,0.00,-0.04,1.12,9.74,-0.13,-0.03,0.06,0.06,0.00,0.00,1.00,
16052.00,172.11,29.00,132903.23,-5348.26,-0.19,1.09,9.79,-6.56,-0.19,359.94,-4.75,-35.25,5.88,0.06,-0.06,0.06,-0.04,1.12,9.74,-0.14,-0.01,0.05,0.06,0.00,0.00,1.00,
16072.00,172.11,29.00,132903.23,-5348.26,-0.20,1.09,9.77,-6.56,-0.19,359.94,-4.75,-35.25,5.88,0.00,-0.19,0.06,-0.04,1.12,9.74,-0.16,-0.03,0.03,0.06,0.00,0.00,1.00,
16092.00,172.11,29.00,132903.23,-5348.26,-0.19,1.08,9.79,-6.56,-0.19,359.94,-4.75,-36.00,5.06,0.00,0.06,0.00,-0.04,1.12,9.74,-0.16,-0.02,0.07,0.06,0.00,0.00,1.00,
16111.00,172.11,29.00,132903.23,-5348.26,-0.19,1.11,9.77,-6.56,-0.19,359.94,-4.75,-36.00,5.06,0.00,-0.06,0.06,-0.04,1.12,9.74,-0.15,-0.01,0.03,0.06,0.00,0.00,1.00,
16134.00,172.11,29.00,132903.23,-5348.26,-0.18,1.09,9.77,-6.56,-0.19,359.94,-5.19,-35.25,5.88,0.00,-0.06,0.06,-0.04,1.12,9.74,-0.13,-0.01,0.06,0.06,0.00,0.00,1.00,
16154.00,172.11,29.00,132903.23,-5348.26,-0.20,1.11,9.78,-6.56,-0.19,359.94,-5.19,-35.25,5.88,0.00,0.06,-0.06,-0.04,1.12,9.74,-0.15,0.00,0.04,0.06,0.00,0.00,1.00,
16172.00,172.11,29.00,132903.23,-5348.26,-0.20,1.10,9.78,-6.56,-0.19,359.94,-5.19,-35.25,5.88,0.06,-0.25,-0.12,-0.04,1.12,9.74,-0.14,-0.02,0.04,0.06,0.00,0.00,1.00,
16203.00,172.11,29.00,132903.23,-5348.26,-0.21,1.08,9.79,-6.56,-0.19,359.94,-4.38,-36.00,5.56,0.06,-0.06,0.00,-0.04,1.12,9.74,-0.17,-0.03,0.06,0.06,0.00,0.00,1.00,
16222.00,172.11,29.00,132903.23,-5348.26,-0.18,1.12,9.78,-6.56,-0.19,359.94,-4.38,-36.00,5.56,0.00,-0.06,0.06,-0.04,1.12,9.74,-0.13,-0.03,0.05,0.06,0.00,0.00,1.00,
16241.00,172.11,29.00,132903.23,-5348.26,-0.19,1.11,9.82,-6.56,-0.19,359.94,-4.38,-35.56,5.88,0.12,-0.06,0.06,-0.04,1.12,9.74,-0.14,-0.02,0.08,0.06,0.00,0.00,1.00,
16264.00,172.11,29.00,132903.23,-5348.26,-0.20,1.08,9.77,-6.56,-0.19,359.94,-4.38,-35.56,5.88,0.00,0.12,0.00,-0.04,1.12,9.74,-0.16,-0.04,0.03,0.06,0.00,0.00,1.00,
16284.00,172.11,29.00,132903.23,-5348.26,-0.21,1.11,9.81,-6.56,-0.19,359.94,-4.38,-36.75,5.56,-0.06,-0.25,0.06,-0.04,1.12,9.74,-0.15,-0.02,0.06,0.06,0.00,0.00,1.00,
16304.00,172.11,29.00,132903.23,-5348.26,-0.21,1.09,9.76,-6.56,-0.19,359.94,-4.38,-36.75,5.56,0.00,-0.06,-0.06,-0.04,1.12,9.74,-0.13,-0.02,0.05,0.06,0.00,0.00,1.00,
16324.00,172.11,29.00,132903.23,-5348.26,-0.20,1.11,9.78,-6.56,-0.19,359.94,-4.38,-36.75,5.56,-0.06,-0.06,0.06,-0.04,1.12,9.74,-0.15,-0.01,0.04,0.06,0.00,0.00,1.00,
16343.00,172.11,29.00,132903.23,-5348.26,-0.22,1.11,9.78,-6.56,-0.19,359.94,-4.06,-36.75,5.06,0.06,0.00,0.06,-0.04,1.12,9.74,-0.14,-0.03,0.02,0.06,0.00,0.00,1.00,
16363.00,-135.13,29.00,80653.41,2832.80,-0.22,1.10,9.78,-6.56,-0.19,359.94,-4.06,-36.75,5.06,-0.06,0.06,0.00,-0.04,1.12,9.74,-0.16,0.00,0.05,0.06,0.00,0.00,1.00,
16386.00,172.11,29.00,132903.23,-5348.26,-0.21,1.09,9.81,-6.56,-0.19,359.94,-5.56,-36.75,5.06,0.00,0.00,0.12,-0.04,1.12,9.74,-0.16,-0.03,0.06,0.06,0.00,0.00,1.00,
16405.00,172.11,29.00,132903.23,-5348.26,-0.20,1.11,9.78,-6.56,-0.19,359.94,-5.56,-36.75,5.06,-0.06,-0.06,0.00,-0.04,1.12,9.74,-0.16,-0.01,0.04,0.06,0.00,0.00,1.00,
16423.00,172.11,29.00,132903.23,-5348.26,-0.20,1.10,9.79,-6.56,-0.19,359.94,-5.56,-36.75,5.06,0.00,0.06,0.00,-0.04,1.12,9.74,-0.15,-0.02,0.05,0.06,0.00,0.00,1.00,
16449.00,172.11,29.00,132903.23,-5348.26,-0.20,1.11,9.77,-6.56,-0.19,359.94,-5.19,-36.00,5.06,-0.06,0.12,-0.06,-0.04,1.12,9.74,-0.15,-0.02,0.00,0.06,0.00,0.00,1.00,
16470.00,172.11,29.00,132903.23,-5348.26,-0.21,1.14,9.87,-6.56,-0.19,359.94,-5.19,-36.00,5.06,0.06,0.06,0.12,-0.04,1.12,9.74,-0.20,-0.03,0.02,0.06,0.00,0.00,1.00,
16490.00,-135.13,29.00,80653.41,2832.80,-0.23,1.09,9.74,-6.56,-0.19,359.94,-4.38,-36.75,5.06,0.06,0.19,0.00,-0.04,1.12,9.74,-0.16,-0.04,0.03,0.06,0.00,0.00,1.00,
16513.00,172.11,29.00,132903.23,-5348.26,-0.22,1.08,9.85,-6.56,-0.19,359.94,-4.38,-36.75,5.06,-0.06,0.06,-0.06,-0.04,1.12,9.74,-0.12,-0.08,0.01,0.06,0.00,0.00,1.00,
16532.00,172.11,29.00,132903.23,-5348.26,-0.16,1.17,9.80,-6.56,-0.19,359.94,-4.38,-36.75,5.06,0.00,-0.12,0.12,-0.04,1.12,9.74,-0.10,-0.02,0.06,0.06,0.00,0.00,1.00,
16552.00,172.11,29.00,132903.23,-5348.26,-0.19,1.11,9.79,-6.56,-0.19,359.94,-4.75,-37.06,5.88,0.00,0.12,0.19,-0.04,1.12,9.74,-0.13,-0.05,0.06,0.06,0.00,0.00,1.00,
16571.00,172.11,29.00,132903.23,-5348.26,-0.21,1.14,9.81,-6.56,-0.19,359.94,-4.75,-37.06,5.88,0.00,0.19,0.06,-0.04,1.12,9.74,-0.19,-0.04,0.07,0.06,0.00,0.00,1.00,
16594.00,172.11,29.00,132903.23,-5348.26,-0.23,1.07,9.82,-6.56,-0.19,359.94,-5.56,-36.00,6.38,-0.06,0.12,-0.12,-0.04,1.12,9.74,-0.18,-0.01,0.03,0.06,0.00,0.00,1.00,
16614.00,172.11,29.00,132903.23,-5348.26,-0.23,1.11,9.73,-6.56,-0.19,359.94,-5.56,-36.00,6.38,0.19,0.06,-0.12,-0.04,1.12,9.74,-0.17,0.02,0.04,0.06,0.00,0.00,1.00,
16634.00,172.11,29.00,132903.23,-5348.26,-0.18,1.10,9.79,-6.56,-0.19,359.94,-5.19,-36.38,6.25,0.12,0.00,0.00,-0.04,1.12,9.74,-0.14,-0.01,-0.01,0.06,0.00,0.00,1.00,
16657.00,172.11,29.00,132903.23,-5348.26,-0.17,1.13,9.78,-6.56,-0.19,359.94,-5.19,-36.38,6.25,0.00,0.06,0.25,-0.04,1.12,9.74,-0.12,0.00,0.04,0.06,0.00,0.00,1.00,
16674.00,172.11,29.00,132903.23,-5348.26,-0.23,1.19,9.84,-6.56,-0.19,359.94,-5.19,-36.38,6.25,0.19,-0.06,0.12,-0.04,1.12,9.74,-0.19,0.06,0.09,0.06,0.00,0.00,1.00,
16694.00,172.11,29.00,132903.23,-5348.26,-0.21,1.13,9.84,-6.56,-0.19,359.94,-4.38,-36.75,5.06,-0.06,0.19,0.06,-0.04,1.12,9.74,-0.17,-0.03,0.02,0.06,0.00,0.00,1.00,
16717.00,172.11,29.00,132903.23,-5348.26,-0.18,1.11,9.76,-6.56,-0.19,359.94,-4.38,-36.75,5.06,0.00,0.00,0.12,-0.04,1.12,9.74,-0.14,-0.01,0.02,0.06,0.00,0.00,1.00,
16737.00,172.11,29.00,132903.23,-5348.26,-0.18,1.11,9.80,-6.56,-0.19,359.94,-4.75,-37.88,6.25,0.00,0.06,0.06,-0.04,1.12,9.74,-0.13,-0.01,0.06,0.06,0.00,0.00,1.00,
16757.00,172.11,29.00,132903.23,-5348.26,-0.18,1.15,9.74,-6.56,-0.19,359.94,-4.75,-37.88,6.25,-0.06,0.12,0.06,-0.04,1.12,9.74,-0.14,0.02,0.00,0.06,0.00,0.00,1.00,
16779.00,172.11,29.00,132903.23,-5348.26,-0.21,1.13,9.80,-6.56,-0.19,359.94,-4.75,-37.88,6.25,0.06,0.00,0.06,-0.04,1.12,9.74,-0.17,0.00,0.04,0.06,0.00,0.00,1.00,
16799.00,172.11,29.00,132903.23,-5348.26,-0.21,1.10,9.77,-6.56,-0.19,359.94,-4.75,-36.38,6.25,0.00,-0.06,0.12,-0.04,1.12,9.74,-0.14,-0.02,0.07,0.06,0.00,0.00,1.00,
16819.00,172.11,29.00,132903.23,-5348.26,-0.16,1.06,9.80,-6.56,-0.19,359.94,-4.75,-36.38,6.25,-0.06,0.00,0.00,-0.04,1.12,9.74,-0.16,-0.03,0.04,0.06,0.00,0.00,1.00,
16842.00,172.11,29.00,132903.23,-5348.26,-0.19,1.10,9.80,-6.56,-0.19,359.94,-5.19,-37.06,5.56,0.00,0.00,-0.06,-0.04,1.12,9.74,-0.16,0.00,0.06,0.06,0.00,0.00,1.00,
16861.00,172.11,29.00,132903.23,-5348.26,-0.18,1.14,9.74,-6.56,-0.19,359.94,-5.19,-37.06,5.56,0.06,0.00,-0.19,-0.04,1.12,9.74,-0.16,0.06,0.04,0.06,0.00,0.00,1.00,
16880.00,172.11,29.00,132903.23,-5348.26,-0.21,1.11,9.81,-6.56,-0.19,359.94,-5.19,-37.06,5.56,0.00,0.00,0.00,-0.04,1.12,9.74,-0.18,0.00,0.04,0.06,0.00,0.00,1.00,
16902.00,172.11,29.00,132903.23,-5348.26,-0.20,1.06,9.76,-6.56,-0.19,359.94,-4.75,-36.00,5.06,-0.06,-0.06,0.00,-0.04,1.12,9.74,-0.17,0.00,0.02,0.06,0.00,0.00,1.00,
16921.00,172.11,29.00,132903.23,-5348.26,-0.19,1.08,9.79,-6.56,-0.19,359.94,-4.75,-36.00,5.06,-0.12,0.06,-0.06,-0.04,1.12,9.74,-0.14,0.00,0.07,0.06,0.00,0.00,1.00,
16941.00,172.11,29.00,132903.23,-5348.26,-0.18,1.14,9.78,-6.56,-0.19,359.94,-5.19,-35.56,5.88,0.06,0.12,-0.12,-0.04,1.12,9.74,-0.13,-0.01,0.04,0.06,0.00,0.00,1.00,
16963.00,172.11,29.00,132903.23,-5348.26,-0.23,1.06,9.76,-6.56,-0.19,359.94,-5.19,-35.56,5.88,0.06,-0.12,-0.38,-0.04,1.12,9.74,-0.20,0.00,0.09,0.06,0.00,0.00,1.00,
16982.00,172.11,29.00,132903.23,-5348.26,-0.25,1.11,9.81,-6.56,-0.25,0.00,-5.19,-35.56,5.88,0.00,-0.06,-0.06,-0.04,1.12,9.74,-0.19,-0.01,0.06,0.06,0.00,0.00,1.00,
17001.00,172.11,29.00,132903.23,-5348.26,-0.18,1.10,9.75,-6.56,-0.25,0.00,-4.38,-36.00,5.06,0.06,-0.12,-0.06,-0.04,1.12,9.74,-0.09,-0.05,0.04,0.06,0.00,0.00,1.00,
17022.00,172.11,29.00,132903.23,-5348.26,-0.10,1.03,9.77,-6.56,-0.25,0.00,-4.38,-36.00,5.06,0.00,0.00,0.06,-0.04,1.12,9.74,-0.10,0.00,0.01,0.06,0.00,0.00,1.00,
