48683.00,28.35,27.00,87016.77,-0.03,0.02,-3.94,8.86,24.31,0.25,0.69,10.69,30.25,-28.69,-0.06,-0.50,3.00,0.04,-4.03,8.93,-0.01,0.03,-0.18,-0.21,-0.00,-0.00,0.98,1.00,0.00,0.00,0.00,
49465.00,28.38,27.00,87025.62,-0.88,0.02,-3.92,8.71,24.12,0.12,0.00,16.19,42.75,-8.19,0.00,0.12,0.25,0.02,-4.00,8.94,0.00,0.08,-0.22,-0.21,-0.00,-0.00,0.98,1.00,0.00,0.00,0.00,
49482.00,28.37,27.00,87016.82,-0.03,0.00,-3.87,8.63,24.12,0.12,0.00,16.88,43.06,-8.19,-0.06,0.00,0.25,0.02,-4.01,8.94,-0.01,0.13,-0.32,-0.21,-0.00,-0.00,0.98,1.00,0.00,0.00,0.00,
49500.00,28.37,27.00,87014.11,0.23,0.00,-3.86,8.70,24.12,0.12,0.00,16.88,43.06,-8.19,0.00,-0.06,0.06,0.02,-4.01,8.94,-0.02,0.14,-0.22,-0.21,-0.00,-0.00,0.98,1.00,0.00,0.00,0.00,
49514.00,28.37,27.00,87014.11,0.23,0.02,-3.89,8.73,24.12,0.12,0.00,16.88,43.06,-8.19,-0.06,0.00,-0.31,0.02,-4.00,8.94,0.00,0.11,-0.21,-0.21,-0.00,-0.00,0.98,1.00,0.00,0.00,0.00,
49532.00,28.37,27.00,87013.44,0.30,0.00,-3.92,8.68,24.12,0.12,0.00,16.19,42.75,-5.38,-0.06,0.06,0.12,0.02,-4.00,8.94,-0.01,0.08,-0.24,-0.21,-0.00,-0.00,0.98,1.00,0.00,0.00,0.00,
49550.00,28.38,27.00,87017.50,-0.10,0.01,-3.90,8.63,24.12,0.12,0.00,16.19,42.75,-5.38,-0.06,-0.19,0.31,0.02,-4.00,8.94,0.00,0.10,-0.26,-0.21,-0.00,-0.00,0.98,1.00,0.00,0.00,0.00,
49565.00,28.37,27.00,87014.11,0.23,0.03,-3.91,8.65,24.12,0.12,0.00,16.19,42.75,-5.38,-0.12,-0.19,0.56,0.02,-4.01,8.94,0.01,0.09,-0.29,-0.21,-0.00,-0.00,0.98,1.00,0.00,0.00,0.00,
49582.00,28.38,27.00,87014.80,0.16,0.03,-3.91,8.73,24.12,0.12,0.00,16.88,43.88,-5.06,-0.06,-0.12,0.75,0.02,-4.00,8.94,0.01,0.09,-0.23,-0.21,-0.00,-0.00,0.98,1.00,0.00,0.00,0.00,
49600.00,28.38,27.00,87012.77,0.36,0.04,-3.91,8.68,24.06,0.12,0.00,16.88,43.88,-5.06,-0.06,-0.25,0.69,0.02,-4.00,8.95,0.01,0.09,-0.26,-0.21,-0.00,-0.00,0.98,1.00,0.00,0.00,0.00,
49615.00,28.38,27.00,87023.59,-0.69,0.03,-3.88,8.60,24.06,0.12,0.00,16.88,43.88,-5.06,-0.06,-0.25,1.19,0.02,-4.00,8.95,0.00,0.12,-0.34,-0.21,-0.00,-0.00,0.98,1.00,0.00,0.00,0.00,
49632.00,28.38,27.00,87020.21,-0.36,0.03,-3.89,8.68,24.06,0.12,0.00,16.19,43.06,-6.25,0.00,-0.31,1.25,0.02,-4.00,8.95,0.01,0.08,-0.23,-0.21,-0.00,-0.00,0.98,1.00,0.00,0.00,0.00,
49650.00,28.37,27.00,87016.82,-0.03,0.04,-3.94,8.68,24.06,0.12,0.00,16.19,43.06,-6.25,0.00,0.00,1.38,0.02,-3.99,8.95,0.01,0.05,-0.27,-0.21,-0.00,-0.00,0.98,1.00,0.00,0.00,0.00,
49665.00,28.38,27.00,87020.21,-0.36,0.04,-3.86,8.64,24.00,0.12,0.00,16.19,43.06,-6.25,-0.06,-0.06,1.62,0.02,-3.99,8.95,0.01,0.12,-0.31,-0.21,-0.00,-0.00,0.98,1.00,0.00,0.00,0.00,
49679.00,28.37,27.00,87019.53,0.49,0.01,-3.83,8.72,24.00,0.12,0.00,15.75,43.06,-4.69,-0.12,-0.19,1.56,0.02,-3.99,8.95,-0.01,0.16,-0.23,-0.21,-0.00,-0.00,0.98,1.00,0.00,0.00,0.00,
49697.00,28.38,27.00,87023.59,-0.69,0.01,-3.86,8.71,23.94,0.12,0.00,15.75,43.06,-4.69,0.00,-0.12,1.31,0.02,-3.98,8.95,-0.01,0.12,-0.23,-0.21,-0.00,-0.00,0.98,1.00,0.00,0.00,0.00,
49713.00,28.38,27.00,87015.48,0.10,0.01,-3.84,8.73,23.94,0.12,0.00,15.75,43.06,-4.69,-0.06,0.00,0.94,0.02,-3.98,8.96,-0.01,0.13,-0.21,-0.21,-0.00,-0.00,0.98,1.00,0.00,0.00,0.00,
49731.00,28.38,27.00,87015.48,0.10,0.02,-3.85,8.72,23.94,0.12,0.00,9.56,26.69,-3.56,0.00,0.12,0.81,0.02,-3.98,8.96,-0.01,0.09,-0.26,-0.21,-0.00,-0.00,0.98,1.00,0.00,0.00,0.00,
49748.00,28.38,27.00,87014.80,0.16,0.03,-3.85,8.66,23.94,0.12,0.00,9.56,26.69,-3.56,-0.06,0.00,0.69,0.02,-3.98,8.96,0.00,0.12,-0.29,-0.21,-0.00,-0.00,0.98,1.00,0.00,0.00,0.00,
49764.00,28.37,27.00,87016.82,-0.03,0.00,-3.81,8.72,23.94,0.12,0.00,9.56,26.69,-3.56,-0.19,-0.06,0.31,0.02,-3.98,8.96,-0.02,0.14,-0.26,-0.21,-0.00,-0.00,0.98,1.00,0.00,0.00,0.00,
49781.00,28.38,27.00,87018.19,-0.16,0.00,-3.81,8.72,23.94,0.12,0.00,10.69,26.25,-4.06,0.00,-0.06,-0.19,0.02,-3.98,8.96,-0.01,0.16,-0.23,-0.21,-0.00,-0.00,0.98,1.00,0.00,0.00,0.00,
49797.00,28.38,27.00,87020.89,-0.43,0.02,-3.83,8.73,23.94,0.12,0.00,10.69,26.25,-4.06,0.06,-0.31,-0.88,0.02,-3.98,8.96,0.00,0.15,-0.22,-0.21,-0.00,-0.00,0.98,1.00,0.00,0.00,0.00,
49814.00,28.39,27.00,87021.58,-0.49,0.01,-3.86,8.76,23.94,0.12,0.00,10.69,26.25,-4.06,-0.06,0.06,-1.12,0.02,-3.98,8.96,0.00,0.12,-0.26,-0.21,-0.00,-0.00,0.98,1.00,0.00,0.00,0.00,
49832.00,28.37,27.00,87019.53,-0.29,0.03,-3.87,8.67,23.94,0.12,0.00,9.56,26.00,-4.06,-0.06,0.12,-1.19,0.02,-3.98,8.95,0.00,0.10,-0.28,-0.21,-0.00,-0.00,0.98,1.00,0.00,0.00,0.00,
49848.00,28.38,27.00,87020.89,-0.43,0.03,-3.90,8.67,24.00,0.12,0.00,9.56,26.00,-4.06,-0.06,-0.12,-1.25,0.02,-3.99,8.95,0.01,0.08,-0.28,-0.21,-0.00,-0.00,0.98,1.00,0.00,0.00,0.00,
49865.00,28.38,27.00,87014.80,0.16,0.02,-3.91,8.74,24.00,0.12,0.00,9.56,26.00,-4.06,0.00,0.19,-1.12,0.02,-3.99,8.95,-0.02,0.10,-0.29,-0.21,-0.00,-0.00,0.98,1.00,0.00,0.00,0.00,
49883.00,28.38,27.00,87020.89,-0.43,0.02,-3.89,8.68,24.00,0.12,0.00,10.38,26.00,-3.56,-0.06,0.00,-1.19,0.02,-3.99,8.95,0.00,0.08,-0.26,-0.21,-0.00,-0.00,0.98,1.00,0.00,0.00,0.00,
49900.00,28.38,27.00,87031.03,-1.41,0.04,-3.93,8.63,24.06,0.12,0.00,10.38,26.00,-3.56,-0.06,-0.12,-0.69,0.02,-3.99,8.95,0.01,0.06,-0.31,-0.21,-0.00,-0.00,0.98,1.00,0.00,0.00,0.00,
49915.00,28.38,27.00,87018.19,-0.16,0.02,-3.90,8.67,24.06,0.12,0.00,10.38,26.00,-3.56,0.00,-0.06,-0.12,0.02,-3.99,8.95,0.00,0.08,-0.29,-0.21,-0.00,-0.00,0.98,1.00,0.00,0.00,0.00,
49933.00,28.39,27.00,87021.58,-0.23,0.02,-3.91,8.66,24.06,0.12,0.00,10.38,25.56,-3.56,-0.06,-0.25,0.56,0.02,-3.99,8.95,0.01,0.09,-0.21,-0.21,-0.00,-0.00,0.98,1.00,0.00,0.00,0.00,
49951.00,28.38,27.00,87012.09,0.43,0.02,-3.91,8.64,24.00,0.12,0.00,10.38,25.56,-3.56,0.00,0.06,0.94,0.02,-3.99,8.95,0.00,0.08,-0.30,-0.21,-0.00,-0.00,0.98,1.00,0.00,0.00,0.00,
49966.00,28.39,27.00,87022.28,-0.56,0.00,-3.86,8.67,24.00,0.12,0.00,10.38,25.56,-3.56,-0.06,-0.06,1.38,0.02,-3.99,8.95,0.00,0.13,-0.30,-0.21,-0.00,-0.00,0.98,1.00,0.00,0.00,0.00,
49981.00,28.39,27.00,87026.98,-1.02,0.04,-3.86,8.72,24.00,0.12,0.00,10.00,26.25,-4.06,-0.12,-0.19,1.38,0.02,-3.99,8.95,0.01,0.12,-0.22,-0.21,-0.00,-0.00,0.98,1.00,0.00,0.00,0.00,
49997.00,28.39,27.00,87021.58,-0.49,0.02,-3.85,8.70,23.94,0.12,0.00,10.00,26.25,-4.06,-0.06,0.25,1.25,0.02,-3.98,8.95,-0.01,0.12,-0.25,-0.21,-0.00,-0.00,0.98,1.00,0.00,0.00,0.00,
50014.00,28.38,27.00,87020.21,-0.36,0.01,-3.85,8.70,23.94,0.12,0.00,10.00,26.25,-4.06,0.06,0.25,0.81,0.02,-3.98,8.96,0.01,0.12,-0.21,-0.21,-0.00,-0.00,0.98,1.00,0.00,0.00,0.00,
50033.00,28.38,27.00,87022.92,-0.62,0.04,-3.86,8.73,23.94,0.12,0.00,9.88,25.75,-3.75,-0.06,0.06,0.62,0.02,-3.98,8.96,0.00,0.15,-0.27,-0.21,-0.00,-0.00,0.98,1.00,0.00,0.00,0.00,
50049.00,28.38,27.00,87029.02,-1.21,0.01,-3.86,8.59,23.94,0.12,0.00,9.88,25.75,-3.75,-0.12,0.25,0.31,0.02,-3.98,8.96,0.00,0.11,-0.36,-0.21,-0.00,-0.00,0.98,1.00,0.00,0.00,0.00,
50065.00,28.38,27.00,87020.89,-0.43,0.03,-3.83,8.69,23.94,0.12,0.00,9.88,25.75,-3.75,-0.19,-0.44,0.44,0.02,-3.98,8.96,0.01,0.15,-0.19,-0.21,-0.00,-0.00,0.98,1.00,0.00,0.00,0.00,
50084.00,28.39,27.00,87018.86,-0.23,0.03,-3.83,8.77,23.94,0.12,0.00,9.50,25.38,-3.75,-0.06,-0.25,0.06,0.02,-3.98,8.96,0.00,0.14,-0.24,-0.21,-0.00,-0.00,0.98,1.00,0.00,0.00,0.00,
50101.00,28.38,27.00,87020.89,-0.16,0.02,-3.86,8.61,23.94,0.12,0.00,9.50,25.38,-3.75,0.06,0.12,-0.19,0.02,-3.98,8.96,0.00,0.11,-0.34,-0.21,-0.00,-0.00,0.98,1.00,0.00,0.00,0.00,
50117.00,28.38,27.00,87020.89,0.10,0.01,-3.87,8.69,23.94,0.12,0.00,9.50,25.38,-3.75,-0.06,-0.19,0.06,0.02,-3.98,8.96,-0.01,0.10,-0.27,-0.21,-0.00,-0.00,0.98,1.00,0.00,0.00,0.00,
50134.00,28.39,27.00,87021.58,-0.49,0.03,-3.91,8.75,23.94,0.12,0.00,10.25,26.06,-3.25,-0.12,-0.38,0.19,0.02,-3.98,8.96,0.02,0.09,-0.18,-0.21,-0.00,-0.00,0.98,1.00,0.00,0.00,0.00,
50151.00,28.39,27.00,87021.58,-0.49,0.01,-3.85,8.70,23.94,0.12,0.00,10.25,26.06,-3.25,0.00,0.25,0.31,0.02,-3.98,8.96,-0.01,0.12,-0.26,-0.21,-0.00,-0.00,0.98,1.00,0.00,0.00,0.00,
50167.00,28.39,27.00,87021.58,-0.49,0.01,-3.84,8.67,23.94,0.12,0.00,10.25,26.06,-3.25,-0.06,-0.06,0.19,0.02,-3.98,8.96,-0.01,0.14,-0.28,-0.21,-0.00,-0.00,0.98,1.00,0.00,0.00,0.00,
50184.00,28.39,27.00,87019.58,-0.30,0.03,-3.86,8.79,23.94,0.12,0.00,9.50,26.50,-3.25,-0.12,-0.06,0.06,0.02,-3.98,8.96,-0.01,0.11,-0.18,-0.21,-0.00,-0.00,0.98,1.00,0.00,0.00,0.00,
50201.00,28.39,27.00,87016.16,0.03,0.02,-3.87,8.71,23.94,0.12,0.00,9.50,26.50,-3.25,0.00,0.12,0.00,0.02,-3.98,8.96,0.00,0.10,-0.25,-0.21,-0.00,-0.00,0.98,1.00,0.00,0.00,0.00,
50217.00,28.38,27.00,87023.59,-0.69,0.00,-3.85,8.64,23.94,0.12,0.00,9.50,26.50,-3.25,0.00,0.06,0.06,0.02,-3.98,8.96,-0.01,0.10,-0.33,-0.21,-0.00,-0.00,0.98,1.00,0.00,0.00,0.00,
50234.00,28.38,27.00,87018.19,-0.16,0.00,-3.87,8.66,23.94,0.12,0.00,8.38,25.75,-4.50,-0.06,-0.06,0.31,0.02,-3.98,8.96,0.00,0.10,-0.24,-0.21,-0.00,-0.00,0.98,1.00,0.00,0.00,0.00,
50251.00,28.39,27.00,87016.16,0.03,0.00,-3.86,8.67,23.94,0.12,0.00,8.38,25.75,-4.50,0.00,-0.19,0.38,0.02,-3.98,8.96,-0.02,0.11,-0.28,-0.21,-0.00,-0.00,0.98,1.00,0.00,0.00,0.00,
50267.00,28.38,27.00,87018.19,-0.16,0.00,-3.84,8.69,23.94,0.12,0.00,8.38,25.75,-4.50,0.00,0.00,0.69,0.02,-3.98,8.96,0.00,0.11,-0.28,-0.21,-0.00,-0.00,0.98,1.00,0.00,0.00,0.00,
50284.00,28.38,27.00,87018.19,-0.16,0.01,-3.84,8.72,23.94,0.12,0.00,9.88,25.75,-2.56,0.06,-0.25,0.62,0.02,-3.98,8.96,0.00,0.10,-0.25,-0.21,-0.00,-0.00,0.98,1.00,0.00,0.00,0.00,
50302.00,28.40,27.00,87020.25,-0.36,0.03,-3.86,8.68,23.94,0.12,0.00,9.88,25.75,-2.56,-0.06,0.12,0.56,0.02,-3.98,8.96,0.00,0.11,-0.28,-0.21,-0.00,-0.00,0.98,1.00,0.00,0.00,0.00,
50318.00,28.39,27.00,87016.87,-0.04,0.03,-3.85,8.71,23.88,0.12,0.00,9.88,25.75,-2.56,0.00,0.06,1.00,0.02,-3.97,8.96,0.00,0.11,-0.25,-0.21,-0.00,-0.00,0.98,1.00,0.00,0.00,0.00,
50339.00,28.39,27.00,87016.87,-0.04,0.03,-3.86,8.68,23.88,0.12,0.00,9.50,25.38,-2.56,0.06,-0.06,1.25,0.02,-3.97,8.96,0.00,0.11,-0.25,-0.21,-0.00,-0.00,0.98,1.00,0.00,0.00,0.00,
50356.00,28.40,27.00,87014.84,0.16,0.03,-3.83,8.72,23.88,0.12,0.00,9.50,25.38,-2.56,0.00,0.00,0.94,0.02,-3.97,8.96,-0.01,0.11,-0.29,-0.21,-0.00,-0.00,0.98,1.00,0.00,0.00,0.00,
50372.00,28.39,27.00,87022.28,-0.56,0.02,-3.84,8.68,23.88,0.12,0.00,9.50,25.38,-2.56,0.00,0.12,0.81,0.02,-3.97,8.96,0.00,0.12,-0.28,-0.21,-0.00,-0.00,0.98,1.00,0.00,0.00,0.00,
50388.00,28.40,27.00,87017.55,-0.10,0.01,-3.84,8.68,23.81,0.12,0.00,9.50,26.06,-4.19,0.00,-0.06,0.88,0.02,-3.96,8.96,0.00,0.12,-0.23,-0.21,-0.00,-0.00,0.98,1.00,0.00,0.00,0.00,
50405.00,28.39,27.00,87019.58,-0.30,0.03,-3.85,8.65,23.81,0.12,0.00,9.50,26.06,-4.19,0.00,-0.06,1.44,0.02,-3.96,8.96,0.00,0.11,-0.25,-0.21,-0.00,-0.00,0.98,1.00,0.00,0.00,0.00,
50420.00,28.40,27.00,87020.25,-0.36,0.02,-3.81,8.75,23.81,0.12,0.00,9.50,26.06,-4.19,0.00,-0.19,1.38,0.02,-3.96,8.97,0.00,0.14,-0.21,-0.21,-0.00,-0.00,0.98,1.00,0.00,0.00,0.00,
50438.00,28.40,27.00,87017.55,-0.10,0.00,-3.79,8.75,23.81,0.12,0.00,10.25,26.50,-3.75,-0.12,0.12,0.56,0.02,-3.96,8.97,-0.02,0.14,-0.29,-0.21,-0.00,-0.00,0.98,1.00,0.00,0.00,0.00,
50455.00,28.40,27.00,87017.55,-0.10,0.00,-3.83,8.71,23.81,0.12,0.00,10.25,26.50,-3.75,-0.12,0.00,0.38,0.02,-3.96,8.97,-0.01,0.15,-0.19,-0.21,-0.00,-0.00,0.98,1.00,0.00,0.00,0.00,
50471.00,28.39,27.00,87022.28,-0.56,0.01,-3.81,8.73,23.81,0.12,0.00,10.25,26.50,-3.75,0.06,-0.06,-0.31,0.02,-3.96,8.97,-0.01,0.14,-0.23,-0.21,-0.00,-0.00,0.98,1.00,0.00,0.00,0.00,
50488.00,28.39,27.00,87016.87,-0.04,0.01,-3.81,8.67,23.81,0.12,0.00,9.88,25.75,-3.25,-0.12,0.19,-0.75,0.02,-3.96,8.97,-0.02,0.15,-0.29,-0.21,-0.00,-0.00,0.98,1.00,0.00,0.00,0.00,
50506.00,28.40,27.00,87020.25,-0.36,0.00,-3.83,8.69,23.81,0.12,0.00,9.88,25.75,-3.25,-0.06,-0.25,-1.06,0.02,-3.96,8.96,0.01,0.10,-0.16,-0.21,-0.00,-0.00,0.98,1.00,0.00,0.00,0.00,
50520.00,28.39,27.00,87016.87,-0.04,0.01,-3.85,8.78,23.81,0.12,0.00,9.88,25.75,-3.25,0.00,-0.12,-1.12,0.02,-3.96,8.96,0.00,0.11,-0.18,-0.21,-0.00,-0.00,0.98,1.00,0.00,0.00,0.00,
50537.00,28.39,27.00,87011.45,-0.30,0.01,-3.81,8.72,23.88,0.12,0.00,10.56,26.88,-2.56,0.00,0.31,-1.19,0.02,-3.96,8.96,-0.02,0.06,-0.09,-0.21,-0.00,-0.00,0.98,1.00,0.00,0.00,0.00,
50555.00,28.39,27.00,87013.45,0.30,0.01,-3.93,8.86,23.88,0.12,0.00,10.56,26.88,-2.56,-0.12,-0.25,-1.25,0.02,-3.97,8.96,0.00,0.01,0.00,-0.21,-0.00,-0.00,0.98,1.00,0.00,0.00,0.00,
50569.00,28.40,27.00,87017.55,-0.10,0.03,-3.99,9.00,23.88,0.12,0.00,10.56,26.88,-2.56,-0.25,-0.56,-1.25,0.02,-3.97,8.96,0.01,-0.01,0.03,-0.21,-0.00,-0.00,0.98,1.00,0.00,0.00,0.00,
50584.00,28.40,27.00,87018.23,-0.17,0.03,-3.98,8.99,23.88,0.12,0.00,9.88,26.50,-4.19,0.00,-0.19,-1.31,0.02,-3.97,8.96,0.00,0.00,0.02,-0.21,-0.00,-0.00,0.98,1.00,0.00,0.00,0.00,
50601.00,28.41,27.00,87021.62,-0.50,0.00,-3.95,8.88,23.94,0.12,0.00,9.88,26.50,-4.19,-0.06,-0.12,-1.00,0.02,-3.98,8.96,-0.02,0.02,-0.07,-0.21,-0.00,-0.00,0.98,1.00,0.00,0.00,0.00,
50617.00,28.40,27.00,87020.25,-0.36,0.02,-3.96,8.86,23.94,0.12,0.00,9.88,26.50,-4.19,0.00,-0.25,-1.00,0.02,-3.98,8.96,0.00,0.03,-0.01,-0.21,-0.00,-0.00,0.98,1.00,0.00,0.00,0.00,
50635.00,28.41,27.00,87024.33,-0.76,0.02,-3.98,8.95,23.94,0.12,0.00,9.75,26.00,-2.06,0.06,-0.38,-1.19,0.02,-3.98,8.95,0.00,-0.05,-0.03,-0.21,-0.00,-0.00,0.98,1.00,0.00,0.00,0.00,
50653.00,28.40,27.00,87012.81,0.36,0.05,-4.04,8.91,23.94,0.12,0.00,9.75,26.00,-2.06,0.00,-0.12,-0.50,0.02,-3.98,8.95,0.02,-0.05,-0.04,-0.21,-0.00,-0.00,0.98,1.00,0.00,0.00,0.00,
50668.00,28.41,27.00,87018.91,-0.23,0.02,-4.05,8.88,23.94,0.12,0.00,9.75,26.00,-2.06,-0.06,0.06,0.81,0.02,-3.98,8.95,-0.01,-0.04,-0.01,-0.21,-0.00,-0.00,0.98,1.00,0.00,0.00,0.00,
50683.00,28.40,27.00,87020.25,-0.36,0.00,-3.99,8.91,23.94,0.12,0.00,9.00,25.25,-2.50,0.06,0.31,1.50,0.02,-3.98,8.96,-0.01,-0.01,-0.04,-0.21,-0.00,-0.00,0.98,1.00,0.00,0.00,0.00,
50700.00,28.40,27.00,87020.94,-0.43,0.00,-3.99,8.95,23.88,0.12,0.00,9.00,25.25,-2.50,-0.06,0.12,1.94,0.02,-3.97,8.96,-0.01,0.02,-0.02,-0.21,-0.00,-0.00,0.98,1.00,0.00,0.00,0.00,
50717.00,28.41,27.00,87024.33,-0.76,0.00,-3.92,8.97,23.88,0.12,0.00,9.00,25.25,-2.50,-0.12,0.00,1.44,0.02,-3.97,8.96,0.00,0.05,0.00,-0.21,-0.00,-0.00,0.98,1.00,0.00,0.00,0.00,
50735.00,28.40,27.00,87020.94,-0.43,0.02,-3.90,8.95,23.88,0.12,0.00,9.50,25.25,-3.25,-0.19,0.00,1.19,0.02,-3.97,8.96,0.00,0.04,0.00,-0.21,-0.00,-0.00,0.98,1.00,0.00,0.00,0.00,
50754.00,28.40,27.00,87022.97,-0.63,0.02,-3.95,8.96,23.81,0.12,0.00,9.50,25.25,-3.25,-0.12,0.06,0.88,0.02,-3.96,8.96,0.00,0.01,0.00,-0.21,-0.00,-0.00,0.98,1.00,0.00,0.00,0.00,
50769.00,28.40,27.00,87017.55,-0.10,0.03,-3.91,8.99,23.81,0.12,0.00,9.50,25.25,-3.25,0.00,0.00,0.38,0.02,-3.96,8.96,0.00,0.06,-0.03,-0.21,-0.00,-0.00,0.98,1.00,0.00,0.00,0.00,
50787.00,28.40,27.00,87020.94,-0.43,0.02,-3.89,8.86,23.81,0.12,0.00,9.50,24.88,-3.25,0.06,0.25,-0.12,0.02,-3.96,8.96,0.00,0.05,-0.09,-0.21,-0.00,-0.00,0.98,1.00,0.00,0.00,0.00,
50805.00,28.40,27.00,87023.64,-0.69,0.03,-3.90,8.96,23.81,0.12,0.00,9.50,24.88,-3.25,-0.06,-0.31,-0.44,0.02,-3.96,8.96,0.00,0.06,0.00,-0.21,-0.00,-0.00,0.98,1.00,0.00,0.00,0.00,
50820.00,28.40,27.00,87015.53,0.09,0.02,-3.95,9.00,23.88,0.12,0.00,9.50,24.88,-3.25,0.06,-0.31,-1.19,0.02,-3.97,8.96,0.00,0.01,0.04,-0.21,-0.00,-0.00,0.98,1.00,0.00,0.00,0.00,
50835.00,28.41,27.00,87016.20,0.03,0.01,-3.97,8.96,23.88,0.12,0.00,9.06,26.38,-4.19,0.06,-0.06,-1.62,0.02,-3.97,8.96,0.00,0.00,0.00,-0.21,-0.00,-0.00,0.98,1.00,0.00,0.00,0.00,
50852.00,28.41,27.00,87014.19,0.22,0.00,-3.96,8.84,23.88,0.12,0.00,9.06,26.38,-4.19,-0.12,-0.12,-1.56,0.02,-3.97,8.96,-0.01,0.01,-0.11,-0.21,-0.00,-0.00,0.98,1.00,0.00,0.00,0.00,
50868.00,28.40,27.00,87012.81,0.36,0.00,-3.99,8.86,23.94,0.12,0.00,9.06,26.38,-4.19,-0.06,-0.19,-1.19,0.02,-3.98,8.96,0.00,0.01,-0.02,-0.21,-0.00,-0.00,0.98,1.00,0.00,0.00,0.00,
50883.00,28.41,27.00,87018.91,-0.23,0.00,-3.94,8.99,23.94,0.12,0.00,10.25,26.00,-2.50,-0.06,-0.25,-1.31,0.02,-3.98,8.96,-0.02,0.03,0.03,-0.21,-0.00,-0.00,0.98,1.00,0.00,0.00,0.00,
50898.00,28.40,27.00,87018.23,-0.17,0.03,-3.96,8.85,23.94,0.12,0.00,10.25,26.00,-2.50,-0.06,-0.25,-1.38,0.02,-3.98,8.95,0.01,0.01,-0.06,-0.21,-0.00,-0.00,0.98,1.00,0.00,0.00,0.00,
50916.00,28.40,27.00,87015.53,0.09,0.02,-4.00,8.95,24.00,0.12,0.00,10.25,26.00,-2.50,-0.06,-0.50,-1.31,0.02,-3.99,8.95,0.00,-0.01,0.00,-0.21,-0.00,-0.00,0.98,1.00,0.00,0.00,0.00,
50933.00,28.41,27.00,87016.20,0.03,0.00,-4.01,8.94,24.00,0.12,0.00,9.88,25.69,-2.06,0.06,-0.19,-0.88,0.02,-3.99,8.95,-0.01,-0.02,-0.01,-0.21,-0.00,-0.00,0.98,1.00,0.00,0.00,0.00,
50950.00,28.40,27.00,87012.81,-0.17,0.02,-4.00,8.98,24.00,0.12,0.00,9.88,25.69,-2.06,0.06,-0.12,-0.56,0.02,-3.99,8.95,0.00,0.01,0.02,-0.21,-0.00,-0.00,0.98,1.00,0.00,0.00,0.00,
50968.00,28.41,27.00,87018.91,-0.23,0.00,-4.01,8.82,24.00,0.12,0.00,9.88,25.69,-2.06,0.06,-0.06,-0.38,0.02,-3.99,8.95,0.00,0.03,-0.01,-0.21,-0.00,-0.00,0.98,1.00,0.00,0.00,0.00,
50986.00,28.41,27.00,87014.19,0.22,0.02,-3.96,9.00,24.00,0.12,0.00,10.56,25.69,-3.69,-0.06,-0.25,-0.25,0.02,-3.99,8.95,0.00,0.01,0.01,-0.21,-0.00,-0.00,0.98,1.00,0.00,0.00,0.00,
51003.00,28.41,27.00,87014.19,0.22,0.02,-3.98,8.88,24.00,0.12,0.00,10.56,25.69,-3.69,-0.06,0.00,-0.56,0.02,-3.99,8.95,0.00,0.00,-0.06,-0.21,-0.00,-0.00,0.98,1.00,0.00,0.00,0.00,
51019.00,28.40,27.00,87009.43,0.69,0.04,-3.97,8.92,24.00,0.12,0.00,10.56,25.69,-3.69,-0.06,-0.12,-0.50,0.02,-3.99,8.95,0.00,0.01,-0.01,-0.21,-0.00,-0.00,0.98,1.00,0.00,0.00,0.00,
51037.00,28.40,27.00,87018.23,-0.17,0.01,-3.95,8.95,24.00,0.12,0.00,9.50,25.25,-4.06,0.00,0.00,-0.44,0.02,-3.99,8.95,0.00,0.05,-0.02,-0.21,-0.00,-0.00,0.98,1.00,0.00,0.00,0.00,
51054.00,28.41,27.00,87013.50,0.29,0.03,-3.97,8.93,24.00,0.12,0.00,9.50,25.25,-4.06,0.00,-0.12,-0.81,0.02,-3.99,8.95,0.00,0.02,-0.01,-0.21,-0.00,-0.00,0.98,1.00,0.00,0.00,0.00,
51070.00,28.41,27.00,87018.91,-0.23,0.02,-3.94,8.95,24.06,0.12,0.00,9.50,25.25,-4.06,-0.06,0.12,-1.19,0.02,-4.00,8.95,-0.02,0.01,-0.01,-0.21,-0.00,-0.00,0.98,1.00,0.00,0.00,0.00,
51085.00,28.41,27.00,87016.89,-0.04,0.04,-3.95,8.93,24.06,0.12,0.00,9.06,25.25,-2.88,-0.12,-0.06,-1.44,0.02,-4.00,8.95,0.01,0.04,-0.02,-0.21,-0.00,-0.00,0.98,1.00,0.00,0.00,0.00,
51102.00,28.41,27.00,87019.59,-0.30,0.03,-4.00,8.94,24.06,0.12,0.00,9.06,25.25,-2.88,0.00,-0.06,-1.50,0.02,-4.00,8.95,0.00,0.00,-0.04,-0.21,-0.00,-0.00,0.98,1.00,0.00,0.00,0.00,
51119.00,28.40,27.00,87012.81,0.36,0.02,-4.01,8.94,24.12,0.12,0.00,9.06,25.25,-2.88,-0.06,-0.25,-1.44,0.02,-4.01,8.94,-0.02,0.03,0.06,-0.21,-0.00,-0.00,0.98,1.00,0.00,0.00,0.00,
51134.00,28.41,27.00,87016.20,0.03,0.01,-3.94,8.94,24.12,0.12,0.00,9.88,25.25,-2.50,0.00,-0.06,-1.62,0.02,-4.01,8.94,0.00,0.06,0.00,-0.21,-0.00,-0.00,0.98,1.00,0.00,0.00,0.00,
51151.00,28.41,27.00,87019.59,-0.30,0.00,-3.98,8.85,24.19,0.12,0.00,9.88,25.25,-2.50,0.00,0.06,-2.00,0.02,-4.01,8.94,-0.03,0.02,-0.06,-0.21,-0.00,-0.00,0.98,1.00,0.00,0.00,0.00,
51169.00,28.41,27.00,87019.59,-0.30,0.00,-3.97,8.93,24.19,0.12,0.00,9.88,25.25,-2.50,0.00,-0.31,-1.88,0.02,-4.02,8.94,0.00,-0.02,0.03,-0.21,-0.00,-0.00,0.98,1.00,0.00,0.00,0.00,
51183.00,28.41,27.00,87022.30,-0.56,0.01,-4.05,8.95,24.25,0.12,0.00,9.50,24.88,-4.38,-0.12,0.06,-2.00,0.02,-4.02,8.94,0.00,-0.02,0.00,-0.21,-0.00,-0.00,0.98,1.00,0.00,0.00,0.00,
51200.00,28.41,27.00,87014.19,0.22,0.04,-4.06,8.90,24.25,0.12,0.00,9.50,24.88,-4.38,0.00,-0.06,-1.75,0.02,-4.03,8.93,0.00,-0.03,-0.04,-0.21,-0.00,-0.00,0.98,1.00,0.00,0.00,0.00,
51219.00,28.41,27.00,87018.91,-0.23,0.01,-4.04,8.86,24.25,0.12,0.00,9.50,24.88,-4.38,-0.12,0.12,-1.38,0.02,-4.03,8.93,-0.02,0.00,-0.07,-0.21,-0.00,-0.00,0.98,1.00,0.00,0.00,0.00,
51236.00,28.41,27.00,87011.47,0.49,0.01,-4.01,8.90,24.31,0.12,0.00,10.25,24.88,-3.69,0.06,-0.06,-1.06,0.02,-4.03,8.93,-0.01,0.02,-0.02,-0.21,-0.00,-0.00,0.98,1.00,0.00,0.00,0.00,
51253.00,28.40,27.00,87012.81,0.36,0.04,-4.02,8.91,24.31,0.12,0.00,10.25,24.88,-3.69,0.00,-0.25,-0.62,0.02,-4.04,8.93,0.01,0.01,-0.02,-0.21,-0.00,-0.00,0.98,1.00,0.00,0.00,0.00,
51270.00,28.41,27.00,87019.59,-0.30,0.01,-4.05,8.87,24.31,0.12,0.00,10.25,24.88,-3.69,-0.12,0.06,-0.50,0.02,-4.04,8.93,0.00,-0.03,-0.05,-0.21,-0.00,-0.00,0.98,1.00,0.00,0.00,0.00,
51288.00,28.42,27.00,87017.59,-0.11,0.03,-4.07,8.87,24.31,0.12,0.00,9.50,25.25,-2.06,-0.12,-0.12,-0.06,0.02,-4.04,8.93,0.00,-0.02,0.02,-0.21,-0.00,-0.00,0.98,1.00,0.00,0.00,0.00,
51305.00,28.41,27.00,87022.30,-0.56,0.02,-4.00,8.88,24.31,0.12,0.00,9.50,25.25,-2.06,0.06,-0.25,0.31,0.02,-4.04,8.93,0.00,0.03,-0.05,-0.21,-0.00,-0.00,0.98,1.00,0.00,0.00,0.00,
51321.00,28.41,27.00,87014.19,0.22,0.00,-3.99,8.85,24.31,0.12,0.00,9.50,25.25,-2.06,0.06,0.19,0.06,0.02,-4.04,8.93,0.00,0.01,-0.07,-0.21,-0.00,-0.00,0.98,1.00,0.00,0.00,0.00,
51339.00,28.42,27.00,87012.19,0.42,0.00,-4.01,8.91,24.31,0.12,0.00,10.25,25.69,-4.06,0.06,0.19,0.12,0.02,-4.04,8.93,0.00,0.01,0.03,-0.21,-0.00,-0.00,0.98,1.00,0.00,0.00,0.00,
51356.00,28.42,27.00,87017.59,-0.11,0.02,-4.01,8.95,24.31,0.12,0.00,10.25,25.69,-4.06,0.06,0.12,-0.19,0.02,-4.04,8.93,0.00,0.02,0.02,-0.21,-0.00,-0.00,0.98,1.00,0.00,0.00,0.00,
51372.00,28.41,27.00,87016.89,-0.04,0.01,-4.01,8.86,24.31,0.12,0.00,10.25,25.69,-4.06,0.00,0.06,-0.38,0.02,-4.04,8.93,0.00,0.03,-0.07,-0.21,-0.00,-0.00,0.98,1.00,0.00,0.00,0.00,
51389.00,28.42,27.00,87020.30,-0.37,0.02,-3.96,8.90,24.31,0.12,0.00,10.56,25.25,-2.50,0.00,-0.06,-0.56,0.02,-4.04,8.93,0.00,0.02,-0.02,-0.21,-0.00,-0.00,0.98,1.00,0.00,0.00,0.00,
51406.00,28.41,27.00,87014.19,0.22,0.03,-4.04,8.90,24.31,0.12,0.00,10.56,25.25,-2.50,-0.19,-0.19,-0.69,0.02,-4.04,8.93,0.00,0.00,-0.03,-0.21,-0.00,-0.00,0.98,1.00,0.00,0.00,0.00,
51422.00,28.42,27.00,87020.98,-0.43,0.05,-4.01,8.93,24.31,0.12,0.00,10.56,25.25,-2.50,-0.06,-0.19,-0.62,0.02,-4.04,8.93,0.02,0.02,0.00,-0.21,-0.00,-0.00,0.98,1.00,0.00,0.00,0.00,
51440.00,28.41,27.00,87014.19,0.22,0.03,-4.03,8.87,24.38,0.12,0.00,10.25,26.00,-3.19,-0.06,0.06,-0.56,0.02,-4.04,8.93,-0.01,0.03,-0.12,-0.21,-0.00,-0.00,0.98,1.00,0.00,0.00,0.00,
51457.00,28.41,27.00,87014.19,0.22,0.02,-4.05,8.91,24.38,0.12,0.00,10.25,26.00,-3.19,0.00,-0.38,-0.19,0.02,-4.04,8.93,0.00,0.00,-0.02,-0.21,-0.00,-0.00,0.98,1.00,0.00,0.00,0.00,
51473.00,28.41,27.00,87022.30,-0.56,0.05,-4.06,9.02,24.38,0.12,0.00,10.25,26.00,-3.19,0.06,-0.50,0.00,0.02,-4.04,8.93,0.02,-0.01,0.09,-0.21,-0.00,-0.00,0.98,1.00,0.00,0.00,0.00,
51490.00,28.42,27.00,87014.89,0.16,0.04,-4.05,8.93,24.38,0.12,0.00,9.88,26.00,-4.38,-0.12,0.31,-0.19,0.02,-4.04,8.93,0.00,0.01,-0.07,-0.21,-0.00,-0.00,0.98,1.00,0.00,0.00,0.00,
51507.00,28.42,27.00,87018.28,-0.43,0.01,-4.00,8.89,24.38,0.12,0.00,9.88,26.00,-4.38,-0.12,-0.19,-0.12,0.02,-4.04,8.93,0.00,0.04,-0.03,-0.21,-0.00,-0.00,0.98,1.00,0.00,0.00,0.00,
51522.00,28.42,27.00,87020.30,-0.37,0.02,-4.03,8.88,24.38,0.12,0.00,9.88,26.00,-4.38,-0.06,-0.19,-0.25,0.02,-4.04,8.93,-0.01,0.01,0.00,-0.21,-0.00,-0.00,0.98,1.00,0.00,0.00,0.00,
51540.00,28.42,27.00,87023.70,-0.70,0.03,-4.01,8.97,24.38,0.12,0.00,10.25,25.69,-1.69,-0.19,0.06,-0.69,0.02,-4.04,8.93,-0.01,0.00,0.00,-0.21,-0.00,-0.00,0.98,1.00,0.00,0.00,0.00,
51558.00,28.42,27.00,87020.98,-0.43,0.01,-4.02,8.90,24.38,0.12,0.00,10.25,25.69,-1.69,-0.06,0.06,-0.88,0.02,-4.04,8.93,-0.01,0.02,-0.02,-0.21,-0.00,-0.00,0.98,1.00,0.00,0.00,0.00,
51573.00,28.41,27.00,87016.89,-0.04,0.01,-4.03,8.91,24.38,0.12,0.00,10.25,25.69,-1.69,0.00,0.00,-0.94,0.02,-4.05,8.93,-0.01,0.01,-0.01,-0.21,-0.00,-0.00,0.98,1.00,0.00,0.00,0.00,
51591.00,28.42,27.00,87020.30,-0.37,0.03,-4.04,8.93,24.38,0.12,0.00,9.88,26.38,-2.88,0.00,-0.06,-0.94,0.02,-4.05,8.92,0.00,0.02,0.04,-0.21,-0.00,-0.00,0.98,1.00,0.00,0.00,0.00,
51609.00,28.43,27.00,87021.67,-0.24,0.03,-4.01,8.91,24.44,0.12,0.00,9.88,26.38,-2.88,0.00,-0.12,-1.19,0.02,-4.05,8.92,0.00,0.03,-0.08,-0.21,-0.00,-0.00,0.98,1.00,0.00,0.00,0.00,
51623.00,28.43,27.00,87019.64,-0.30,0.03,-4.03,8.87,24.44,0.12,0.00,9.88,26.38,-2.88,0.06,0.12,-1.69,0.02,-4.06,8.92,0.00,0.02,-0.04,-0.21,-0.00,-0.00,0.98,1.00,0.00,0.00,0.00,
51638.00,28.43,27.00,87021.67,-0.50,0.04,-4.06,8.95,24.44,0.12,0.00,9.50,26.00,-3.69,0.00,-0.06,-1.88,0.02,-4.06,8.92,0.01,0.00,0.03,-0.21,-0.00,-0.00,0.98,1.00,0.00,0.00,0.00,
51655.00,28.42,27.00,87018.28,-0.43,0.00,-4.07,8.85,24.50,0.12,0.00,9.50,26.00,-3.69,-0.12,0.06,-1.94,0.02,-4.07,8.92,-0.02,0.00,-0.06,-0.21,-0.00,-0.00,0.98,1.00,0.00,0.00,0.00,
51672.00,28.42,27.00,87020.98,-0.43,0.02,-4.08,8.93,24.50,0.12,0.00,9.50,26.00,-3.69,-0.12,0.00,-1.56,0.02,-4.07,8.91,-0.02,-0.01,0.02,-0.21,-0.00,-0.00,0.98,1.00,0.00,0.00,0.00,
51686.00,28.43,27.00,87019.64,-0.30,0.03,-4.13,8.83,24.56,0.12,0.00,8.75,26.00,-3.19,-0.12,0.25,-1.50,0.02,-4.07,8.91,0.01,-0.05,-0.08,-0.21,-0.00,-0.00,0.98,1.00,0.00,0.00,0.00,
51703.00,28.43,27.00,87021.67,-0.50,0.00,-4.13,8.86,24.56,0.12,0.00,8.75,26.00,-3.19,0.06,-0.12,-0.62,0.02,-4.08,8.91,0.00,-0.03,-0.03,-0.21,-0.00,-0.00,0.98,1.00,0.00,0.00,0.00,
51721.00,28.42,27.00,87015.57,0.09,0.02,-4.05,8.86,24.56,0.12,0.00,8.75,26.00,-3.19,-0.06,0.06,-0.12,0.02,-4.08,8.91,0.00,0.02,-0.02,-0.21,-0.00,-0.00,0.98,1.00,0.00,0.00,0.00,
51738.00,28.42,27.00,87020.98,-0.43,0.02,-4.07,8.89,24.56,0.12,0.00,9.50,24.50,-2.88,-0.06,-0.19,-0.12,0.02,-4.08,8.91,0.00,0.00,-0.02,-0.21,-0.00,-0.00,0.98,1.00,0.00,0.00,0.00,
51756.00,28.42,27.00,87015.57,0.09,0.01,-4.11,8.88,24.56,0.12,0.00,9.50,24.50,-2.88,-0.25,0.06,-0.06,0.02,-4.08,8.91,0.00,-0.03,-0.03,-0.21,-0.00,-0.00,0.98,1.00,0.00,0.00,0.00,
51772.00,28.43,27.00,87016.25,0.02,0.02,-4.09,8.84,24.56,0.12,0.00,9.50,24.50,-2.88,0.00,-0.06,0.50,0.02,-4.08,8.91,0.00,-0.03,-0.05,-0.21,-0.00,-0.00,0.98,1.00,0.00,0.00,0.00,
51790.00,28.43,27.00,87010.84,0.55,0.01,-4.07,8.86,24.56,0.12,0.00,9.88,26.00,-3.69,-0.06,-0.06,0.62,0.02,-4.08,8.91,0.00,0.00,0.01,-0.21,-0.00,-0.00,0.98,1.00,0.00,0.00,0.00,
51808.00,28.43,27.00,87019.64,-0.30,0.01,-4.05,8.94,24.50,0.12,0.00,9.88,26.00,-3.69,-0.06,-0.25,1.44,0.02,-4.07,8.91,0.00,0.02,0.02,-0.21,-0.00,-0.00,0.98,1.00,0.00,0.00,0.00,
51823.00,28.43,27.00,87016.25,0.02,0.03,-4.04,8.89,24.50,0.12,0.00,9.88,26.00,-3.69,-0.06,-0.06,1.38,0.02,-4.07,8.92,0.00,0.02,-0.04,-0.21,-0.00,-0.00,0.98,1.00,0.00,0.00,0.00,
51841.00,28.42,27.00,87020.98,-0.43,0.02,-4.09,8.89,24.50,0.12,0.00,9.88,25.69,-3.19,0.00,0.12,1.25,0.02,-4.06,8.92,0.01,-0.01,0.00,-0.21,-0.00,-0.00,0.98,1.00,0.00,0.00,0.00,
51859.00,28.43,27.00,87016.25,0.02,0.01,-4.06,8.89,24.44,0.12,0.00,9.88,25.69,-3.19,-0.06,-0.06,1.69,0.02,-4.06,8.92,-0.01,0.00,-0.03,-0.21,-0.00,-0.00,0.98,1.00,0.00,0.00,0.00,
51874.00,28.43,27.00,87016.94,-0.04,0.03,-3.99,8.90,24.44,0.12,0.00,9.88,25.69,-3.19,0.00,-0.06,1.69,0.02,-4.05,8.92,0.00,0.06,-0.01,-0.21,-0.00,-0.00,0.98,1.00,0.00,0.00,0.00,
51889.00,28.43,27.00,87019.64,-0.30,0.03,-3.98,8.90,24.44,0.12,0.00,10.25,26.00,-2.88,0.00,0.19,1.56,0.02,-4.05,8.92,0.01,0.07,-0.02,-0.21,-0.00,-0.00,0.98,1.00,0.00,0.00,0.00,
51906.00,28.43,27.00,87016.25,0.02,0.04,-4.00,8.97,24.38,0.12,0.00,10.25,26.00,-2.88,0.00,0.06,1.19,0.02,-4.05,8.92,0.01,0.05,0.04,-0.21,-0.00,-0.00,0.98,1.00,0.00,0.00,0.00,
51923.00,28.43,27.00,87021.67,-0.50,0.00,-3.99,8.89,24.38,0.12,0.00,10.25,26.00,-2.88,0.00,0.00,0.31,0.02,-4.05,8.92,0.00,0.03,-0.05,-0.21,-0.00,-0.00,0.98,1.00,0.00,0.00,0.00,
51941.00,28.43,27.00,87019.64,-0.30,0.03,-4.00,8.91,24.38,0.12,0.00,9.06,26.38,-2.50,-0.12,0.25,-0.12,0.02,-4.05,8.92,-0.02,0.01,0.00,-0.21,-0.00,-0.00,0.98,1.00,0.00,0.00,0.00,
51958.00,28.43,27.00,87019.64,-0.30,0.01,-4.04,8.92,24.38,0.12,0.00,9.06,26.38,-2.50,0.06,-0.12,-0.38,0.02,-4.05,8.92,0.00,0.00,0.00,-0.21,-0.00,-0.00,0.98,1.00,0.00,0.00,0.00,
51974.00,28.43,27.00,87016.94,-0.04,0.01,-4.05,8.94,24.38,0.12,0.00,9.06,26.38,-2.50,-0.06,0.00,-0.56,0.02,-4.05,8.92,-0.01,0.01,0.06,-0.21,-0.00,-0.00,0.98,1.00,0.00,0.00,0.00,
51992.00,28.42,27.00,87018.28,-0.43,0.00,-3.98,8.86,24.38,0.12,0.00,9.50,26.00,-2.50,-0.12,0.31,-1.38,0.02,-4.05,8.92,-0.03,0.08,-0.12,-0.21,-0.00,-0.00,0.98,1.00,0.00,0.00,0.00,
52010.00,28.43,27.00,87018.96,-0.24,0.00,-4.00,8.85,24.44,0.12,0.00,9.50,26.00,-2.50,0.00,0.12,-1.44,0.02,-4.05,8.92,-0.01,0.05,-0.07,-0.21,-0.00,-0.00,0.98,1.00,0.00,0.00,0.00,
52025.00,28.43,27.00,87024.38,-0.76,0.02,-4.09,8.87,24.44,0.12,0.00,9.50,26.00,-2.50,0.00,-0.19,-1.50,0.02,-4.06,8.92,0.00,-0.03,-0.04,-0.21,-0.00,-0.00,0.98,1.00,0.00,0.00,0.00,
52043.00,28.43,27.00,87016.94,-0.04,0.04,-4.10,8.89,24.44,0.12,0.00,9.88,26.38,-3.69,-0.06,-0.12,-1.00,0.02,-4.06,8.92,0.01,-0.05,-0.01,-0.21,-0.00,-0.00,0.98,1.00,0.00,0.00,0.00,
52060.00,28.43,27.00,87016.94,-0.04,0.04,-4.10,8.88,24.50,0.12,0.00,9.88,26.38,-3.69,-0.12,-0.12,-0.56,0.02,-4.06,8.92,0.02,-0.03,-0.03,-0.21,-0.00,-0.00,0.98,1.00,0.00,0.00,0.00,
52075.00,28.42,27.00,87012.86,0.35,0.01,-4.09,8.77,24.50,0.12,0.00,9.88,26.38,-3.69,-0.06,0.19,0.31,0.02,-4.06,8.92,0.00,-0.02,-0.15,-0.21,-0.00,-0.00,0.98,1.00,0.00,0.00,0.00,
52093.00,28.43,27.00,87013.55,0.29,0.02,-4.11,8.81,24.44,0.12,0.00,10.25,26.00,-4.06,-0.12,-0.06,1.12,0.02,-4.06,8.92,0.01,-0.03,0.01,-0.21,-0.00,-0.00,0.98,1.00,0.00,0.00,0.00,
52111.00,28.43,27.00,87016.94,-0.04,0.03,-4.15,8.95,24.44,0.12,0.00,10.25,26.00,-4.06,-0.12,-0.12,1.56,0.02,-4.06,8.92,-0.01,-0.06,-0.01,-0.21,-0.00,-0.00,0.98,1.00,0.00,0.00,0.00,
52125.00,28.43,27.00,87016.94,-0.04,0.01,-4.08,8.89,24.38,0.12,0.00,10.25,26.00,-4.06,0.00,0.19,2.69,0.02,-4.05,8.92,-0.01,-0.02,-0.03,-0.21,-0.00,-0.00,0.98,1.00,0.00,0.00,0.00,
52140.00,28.44,27.00,87012.20,0.42,0.00,-4.05,8.88,24.38,0.12,0.00,9.88,26.00,-4.06,0.06,0.38,3.00,0.02,-4.05,8.93,-0.02,0.00,-0.04,-0.21,-0.00,-0.00,0.98,1.00,0.00,0.00,0.00,
52154.00,28.44,27.00,87014.91,0.15,0.00,-3.99,8.90,24.31,0.12,0.00,9.88,26.00,-4.06,0.00,0.19,3.69,0.02,-4.03,8.93,-0.01,0.04,-0.08,-0.21,-0.00,-0.00,0.98,1.00,0.00,0.00,0.00,
52171.00,28.43,27.00,87014.23,0.22,0.00,-3.97,8.82,24.25,0.12,0.00,9.88,26.00,-4.06,-0.06,0.00,3.88,0.02,-4.03,8.93,0.01,0.07,0.09,-0.21,-0.00,-0.00,0.98,1.00,0.00,0.00,0.00,
52186.00,28.43,27.00,87014.23,0.22,0.01,-3.94,9.02,24.19,0.12,0.00,9.50,25.88,-3.19,0.00,-0.50,3.69,0.02,-4.02,8.94,-0.01,0.07,0.08,-0.21,-0.00,-0.00,0.98,1.00,0.00,0.00,0.00,
52200.00,28.44,27.00,87012.20,0.42,0.00,-3.96,8.95,24.12,0.12,0.00,9.50,25.88,-3.19,-0.12,-0.06,3.12,0.02,-4.01,8.94,-0.01,0.05,0.00,-0.21,-0.00,-0.00,0.98,1.00,0.00,0.00,0.00,
52218.00,28.44,27.00,87017.62,-0.11,0.03,-3.90,8.95,24.12,0.12,0.00,9.50,25.88,-3.19,-0.19,0.12,2.25,0.02,-4.00,8.94,0.01,0.09,0.00,-0.21,-0.00,-0.00,0.98,1.00,0.00,0.00,0.00,
52234.00,28.43,27.00,87016.94,-0.04,0.02,-3.88,8.95,24.06,0.12,0.00,9.50,25.88,-3.19,-0.06,0.06,1.19,0.02,-4.00,8.95,0.00,0.10,-0.02,-0.21,-0.00,-0.00,0.98,1.00,0.00,0.00,0.00,
52252.00,28.43,27.00,87016.94,-0.04,0.00,-3.88,8.94,24.06,0.12,0.00,9.06,25.88,-4.06,0.06,-0.06,0.38,0.02,-4.00,8.95,0.00,0.09,-0.02,-0.21,-0.00,-0.00,0.98,1.00,0.00,0.00,0.00,
52270.00,28.44,27.00,87014.91,0.15,0.03,-3.96,8.91,24.06,0.12,0.00,9.06,25.88,-4.06,-0.12,0.00,-0.56,0.02,-4.00,8.95,0.01,0.04,-0.03,-0.21,-0.00,-0.00,0.98,1.00,0.00,0.00,0.00,
52287.00,28.43,27.00,87016.94,-0.04,0.00,-3.98,8.93,24.06,0.12,0.00,10.25,25.88,-3.69,-0.19,-0.25,-0.81,0.02,-4.00,8.95,0.00,0.00,0.09,-0.21,-0.00,-0.00,0.98,1.00,0.00,0.00,0.00,
52304.00,28.45,27.00,87019.69,-0.31,0.02,-4.00,9.02,24.12,0.12,0.00,10.25,25.88,-3.69,-0.19,-0.25,-1.25,0.02,-4.01,8.94,0.01,0.01,-0.03,-0.21,-0.00,-0.00,0.98,1.00,0.00,0.00,0.00,
52322.00,28.44,27.00,87018.33,-0.18,0.00,-3.98,8.83,24.12,0.12,0.00,10.25,25.88,-3.69,-0.06,0.12,-1.31,0.02,-4.01,8.94,-0.01,0.00,-0.03,-0.21,-0.00,-0.00,0.98,1.00,0.00,0.00,0.00,
52339.00,28.44,27.00,87012.91,0.35,0.01,-4.01,8.95,24.12,0.12,0.00,9.50,25.88,-3.19,-0.12,-0.31,-1.25,0.02,-4.01,8.94,0.00,0.00,0.00,-0.21,-0.00,-0.00,0.98,1.00,0.00,0.00,0.00,
52356.00,28.43,27.00,87014.23,0.22,0.02,-4.01,8.92,24.19,0.12,0.00,9.50,25.88,-3.19,-0.12,0.06,-0.94,0.02,-4.01,8.94,0.00,0.00,-0.03,-0.21,-0.00,-0.00,0.98,1.00,0.00,0.00,0.00,
52374.00,28.44,27.00,87015.62,0.09,0.03,-3.99,8.90,24.19,0.12,0.00,9.50,25.88,-3.19,0.06,0.06,-0.81,0.02,-4.02,8.94,0.00,0.02,0.02,-0.21,-0.00,-0.00,0.98,1.00,0.00,0.00,0.00,
52392.00,28.44,27.00,87018.33,-0.18,0.00,-3.95,8.94,24.19,0.12,0.00,9.50,25.56,-3.19,0.00,-0.12,-1.12,0.02,-4.02,8.94,-0.01,0.07,0.00,-0.21,-0.00,-0.00,0.98,1.00,0.00,0.00,0.00,
52409.00,28.44,27.00,87020.33,-0.37,0.04,-4.03,8.92,24.19,0.12,0.00,9.50,25.56,-3.19,-0.12,0.00,-1.31,0.02,-4.02,8.94,0.01,0.00,-0.01,-0.21,-0.00,-0.00,0.98,1.00,0.00,0.00,0.00,
52425.00,28.44,27.00,87021.03,-0.44,0.03,-4.04,9.04,24.25,0.12,0.00,9.50,25.56,-3.19,-0.06,-0.25,-1.31,0.02,-4.03,8.93,0.01,0.00,0.10,-0.21,-0.00,-0.00,0.98,1.00,0.00,0.00,0.00,
52439.00,28.44,27.00,87018.33,-0.18,0.03,-4.03,8.87,24.25,0.12,0.00,9.88,24.75,-4.06,-0.06,0.12,-1.44,0.02,-4.03,8.93,0.00,0.00,-0.06,-0.21,-0.00,-0.00,0.98,1.00,0.00,0.00,0.00,
52457.00,28.44,27.00,87018.33,-0.18,0.00,-4.03,8.85,24.25,0.12,0.00,9.88,24.75,-4.06,0.00,0.19,-0.94,0.02,-4.03,8.93,0.00,0.02,-0.11,-0.21,-0.00,-0.00,0.98,1.00,0.00,0.00,0.00,
52475.00,28.44,27.00,87023.03,-0.63,0.03,-4.03,8.87,24.25,0.12,0.00,9.88,24.75,-4.06,0.00,0.06,-0.12,0.02,-4.03,8.93,0.00,-0.04,-0.06,-0.21,-0.00,-0.00,0.98,1.00,0.00,0.00,0.00,
52492.00,28.44,27.00,87012.20,0.42,0.00,-4.06,8.90,24.25,0.12,0.00,9.06,25.69,-3.69,-0.06,0.00,0.31,0.02,-4.03,8.93,0.00,-0.02,-0.08,-0.21,-0.00,-0.00,0.98,1.00,0.00,0.00,0.00,
52509.00,28.44,27.00,87023.73,-0.70,0.02,-4.03,8.84,24.25,0.12,0.00,9.06,25.69,-3.69,0.06,0.12,1.00,0.02,-4.03,8.93,0.00,0.00,-0.08,-0.21,-0.00,-0.00,0.98,1.00,0.00,0.00,0.00,
52527.00,28.45,27.00,87021.72,-0.51,0.02,-4.04,8.82,24.25,0.12,0.00,9.06,25.69,-3.69,-0.06,-0.19,1.81,0.02,-4.03,8.94,-0.03,-0.02,-0.07,-0.21,-0.00,-0.00,0.98,1.00,0.00,0.00,0.00,
52542.00,28.44,27.00,87018.33,-0.18,0.03,-4.07,8.99,24.19,0.12,0.00,10.56,25.25,-3.19,-0.19,-0.44,2.56,0.02,-4.02,8.94,0.01,-0.04,0.05,-0.21,-0.00,-0.00,0.98,1.00,0.00,0.00,0.00,
52558.00,28.44,27.00,87018.33,-0.18,0.02,-4.08,9.00,24.19,0.12,0.00,10.56,25.25,-3.19,0.00,0.06,2.88,0.02,-4.01,8.94,-0.01,-0.04,-0.02,-0.21,-0.00,-0.00,0.98,1.00,0.00,0.00,0.00,
52576.00,28.45,27.00,87013.59,0.28,0.03,-4.02,8.89,24.06,0.12,0.00,10.56,25.25,-3.19,-0.19,0.44,3.50,0.02,-4.00,8.95,-0.01,0.04,-0.08,-0.21,-0.00,-0.00,0.98,1.00,0.00,0.00,0.00,
52590.00,28.44,27.00,87018.33,-0.18,0.00,-3.92,8.88,24.06,0.12,0.00,10.25,26.00,-2.88,0.00,-0.06,3.56,0.02,-4.00,8.95,-0.02,0.07,-0.06,-0.21,-0.00,-0.00,0.98,1.00,0.00,0.00,0.00,
52607.00,28.44,27.00,87018.33,-0.18,0.02,-3.91,8.91,24.00,0.12,0.00,10.25,26.00,-2.88,-0.19,-0.38,3.56,0.02,-3.99,8.95,0.00,0.05,0.00,-0.21,-0.00,-0.00,0.98,1.00,0.00,0.00,0.00,
52625.00,28.44,27.00,87017.62,-0.11,0.02,-3.94,9.02,23.94,0.12,0.00,10.25,26.00,-2.88,-0.06,-0.19,2.81,0.02,-3.98,8.96,0.00,0.06,0.01,-0.21,-0.00,-0.00,0.98,1.00,0.00,0.00,0.00,
52639.00,28.45,27.00,87019.01,-0.24,0.01,-3.89,8.95,23.94,0.12,0.00,10.25,25.19,-2.88,-0.19,-0.12,2.31,0.02,-3.97,8.96,-0.01,0.08,-0.01,-0.21,-0.00,-0.00,0.98,1.00,0.00,0.00,0.00,
52656.00,28.45,27.00,87016.30,0.02,0.00,-3.85,8.95,23.88,0.12,0.00,10.25,25.19,-2.88,0.00,-0.12,1.50,0.02,-3.97,8.96,0.00,0.10,-0.01,-0.21,-0.00,-0.00,0.98,1.00,0.00,0.00,0.00,
52674.00,28.44,27.00,87018.33,-0.18,0.01,-3.92,8.96,23.88,0.12,0.00,10.25,25.19,-2.88,-0.06,-0.25,1.06,0.02,-3.97,8.96,0.00,0.03,0.02,-0.21,-0.00,-0.00,0.98,1.00,0.00,0.00,0.00,
52691.00,28.45,27.00,87019.69,-0.31,0.01,-3.90,8.95,23.88,0.12,0.00,10.25,24.75,-4.38,-0.19,-0.12,0.44,0.02,-3.97,8.96,0.00,0.06,-0.01,-0.21,-0.00,-0.00,0.98,1.00,0.00,0.00,0.00,
52708.00,28.44,27.00,87018.33,-0.18,0.01,-3.91,8.94,23.88,0.12,0.00,10.25,24.75,-4.38,-0.06,-0.38,0.12,0.02,-3.97,8.96,0.02,0.07,0.00,-0.21,-0.00,-0.00,0.98,1.00,0.00,0.00,0.00,
52726.00,28.45,27.00,87016.30,0.02,0.02,-3.90,9.00,23.88,0.12,0.00,10.25,24.75,-4.38,0.00,0.06,-0.81,0.02,-3.97,8.96,0.01,0.05,0.03,-0.21,-0.00,-0.00,0.98,1.00,0.00,0.00,0.00,
52743.00,28.44,27.00,87012.91,0.35,0.02,-3.90,8.95,23.88,0.12,0.00,9.88,25.19,-3.19,-0.06,0.12,-0.94,0.02,-3.97,8.96,0.00,0.06,0.00,-0.21,-0.00,-0.00,0.98,1.00,0.00,0.00,0.00,
52761.00,28.45,27.00,87016.98,-0.05,0.01,-3.95,8.87,23.88,0.12,0.00,9.88,25.19,-3.19,0.00,-0.06,-0.88,0.02,-3.97,8.96,0.00,0.01,-0.09,-0.21,-0.00,-0.00,0.98,1.00,0.00,0.00,0.00,
52777.00,28.45,27.00,87016.98,-0.05,0.01,-3.95,8.88,23.88,0.12,0.00,9.88,25.19,-3.19,-0.06,-0.31,-0.12,0.02,-3.97,8.96,0.00,-0.01,0.00,-0.21,-0.00,-0.00,0.98,1.00,0.00,0.00,0.00,
52795.00,28.45,27.00,87022.39,-0.57,0.03,-3.99,8.99,23.88,0.12,0.00,10.25,25.19,-4.38,-0.25,-0.12,0.19,0.02,-3.97,8.96,0.00,-0.07,-0.04,-0.21,-0.00,-0.00,0.98,1.00,0.00,0.00,0.00,
52813.00,28.45,27.00,87019.69,-0.31,0.02,-4.01,8.89,23.88,0.12,0.00,10.25,25.19,-4.38,-0.06,-0.06,1.12,0.02,-3.97,8.96,0.00,-0.03,-0.06,-0.21,-0.00,-0.00,0.98,1.00,0.00,0.00,0.00,
52828.00,28.45,27.00,87022.39,-0.57,0.01,-4.00,8.83,23.88,0.12,0.00,10.25,25.19,-4.38,-0.12,0.00,2.44,0.02,-3.97,8.96,-0.01,-0.03,-0.13,-0.21,-0.00,-0.00,0.98,1.00,0.00,0.00,0.00,
52842.00,28.46,27.00,87023.76,-0.70,0.01,-3.96,8.92,23.81,0.12,0.00,10.25,25.19,-4.06,0.00,-0.19,2.88,0.02,-3.96,8.96,0.00,0.00,-0.04,-0.21,-0.00,-0.00,0.98,1.00,0.00,0.00,0.00,
52859.00,28.45,27.00,87025.11,-0.83,0.02,-3.94,8.95,23.75,0.12,0.00,10.25,25.19,-4.06,-0.12,0.00,3.38,0.02,-3.95,8.97,0.02,0.00,0.00,-0.21,-0.00,-0.00,0.98,1.00,0.00,0.00,0.00,
52876.00,28.45,27.00,87019.69,-0.31,0.02,-3.96,8.96,23.75,0.12,0.00,10.25,25.19,-4.06,0.00,0.12,4.00,0.02,-3.94,8.97,0.00,-0.01,-0.04,-0.21,-0.00,-0.00,0.98,1.00,0.00,0.00,0.00,
52891.00,28.45,27.00,87019.01,-0.24,0.01,-3.93,9.00,23.62,0.12,0.00,10.25,26.38,-3.19,-0.12,0.06,4.19,0.02,-3.93,8.98,-0.01,0.00,0.02,-0.21,-0.00,-0.00,0.98,1.00,0.00,0.00,0.00,
52905.00,28.45,27.00,87016.30,0.02,0.03,-3.86,9.03,23.62,0.12,0.00,10.25,26.38,-3.19,-0.12,0.25,4.06,0.02,-3.92,8.98,-0.01,0.12,-0.05,-0.20,-0.00,-0.00,0.98,1.00,0.00,0.00,0.00,
52922.00,28.45,27.00,87025.11,-0.83,0.01,-3.77,8.95,23.56,0.12,0.00,10.25,26.38,-3.19,-0.06,0.00,2.69,0.02,-3.92,8.98,-0.01,0.14,-0.03,-0.20,-0.00,-0.00,0.98,1.00,0.00,0.00,0.00,
52940.00,28.45,27.00,87019.69,-0.31,0.01,-3.74,9.00,23.50,0.12,0.00,9.88,25.88,-3.69,-0.06,-0.31,0.75,0.02,-3.91,8.99,0.01,0.14,0.09,-0.20,-0.00,-0.00,0.98,1.00,0.00,0.00,0.00,
52957.00,28.46,27.00,87010.22,0.61,0.03,-3.80,9.09,23.50,0.12,0.00,9.88,25.88,-3.69,-0.06,-0.06,-1.12,0.02,-3.91,8.98,-0.01,0.10,0.09,-0.20,-0.00,-0.00,0.98,1.00,0.00,0.00,0.00,
52974.00,28.46,27.00,87014.95,0.15,0.01,-3.79,8.95,23.56,0.12,0.00,9.88,25.88,-3.69,-0.06,0.06,-1.88,0.02,-3.92,8.98,-0.01,0.11,-0.04,-0.20,-0.00,-0.00,0.98,1.00,0.00,0.00,0.00,
52990.00,28.45,27.00,87025.11,-0.83,0.02,-3.83,8.95,23.62,0.12,0.00,9.88,25.19,-4.06,-0.06,-0.25,-2.88,0.02,-3.93,8.98,0.00,0.09,-0.03,-0.20,-0.00,-0.00,0.98,1.00,0.00,0.00,0.00,
53007.00,28.47,27.00,87021.73,-0.51,0.03,-3.85,8.98,23.69,0.12,0.00,9.88,25.19,-4.06,-0.12,-0.25,-3.50,0.02,-3.94,8.98,0.01,0.05,-0.02,-0.21,-0.00,-0.00,0.98,1.00,0.00,0.00,0.00,
53025.00,28.46,27.00,87018.34,-0.18,0.02,-3.93,8.93,23.69,0.12,0.00,9.88,25.19,-4.06,-0.06,-0.12,-3.25,0.02,-3.94,8.97,0.01,-0.01,-0.03,-0.21,-0.00,-0.00,0.98,1.00,0.00,0.00,0.00,
53040.00,28.45,27.00,87016.98,-0.05,0.03,-3.98,9.00,23.75,0.12,0.00,9.88,25.25,-3.69,-0.06,-0.31,-3.00,0.02,-3.95,8.97,0.01,-0.02,0.03,-0.21,-0.00,-0.00,0.98,1.00,0.00,0.00,0.00,
53054.00,28.45,27.00,87025.11,-0.83,0.00,-3.98,8.89,23.75,0.12,0.00,9.88,25.25,-3.69,0.00,0.12,-2.88,0.02,-3.95,8.97,-0.01,-0.02,-0.07,-0.21,-0.00,-0.00,0.98,1.00,0.00,0.00,0.00,
53071.00,28.45,27.00,87014.28,0.22,0.02,-4.00,8.82,23.81,0.12,0.00,9.88,25.25,-3.69,-0.06,-0.25,-1.69,0.02,-3.96,8.96,-0.02,-0.02,-0.13,-0.21,-0.00,-0.00,0.98,1.00,0.00,0.00,0.00,
53088.00,28.46,27.00,87014.95,0.15,0.02,-3.99,8.93,23.81,0.12,0.00,9.88,25.25,-3.69,0.00,-0.25,-0.62,0.02,-3.96,8.96,-0.01,-0.05,-0.06,-0.21,-0.00,-0.00,0.98,1.00,0.00,0.00,0.00,
53105.00,28.45,27.00,87022.39,-0.05,0.02,-4.02,8.88,23.81,0.12,0.00,10.25,25.25,-3.69,0.00,-0.31,0.19,0.02,-3.96,8.96,0.00,-0.03,-0.04,-0.21,-0.00,-0.00,0.98,1.00,0.00,0.00,0.00,
53122.00,28.45,27.00,87019.69,-0.31,0.01,-4.01,8.93,23.81,0.12,0.00,10.25,25.25,-3.69,0.00,-0.06,1.38,0.02,-3.96,8.96,0.00,-0.04,-0.03,-0.21,-0.00,-0.00,0.98,1.00,0.00,0.00,0.00,
53137.00,28.46,27.00,87021.05,-0.44,0.00,-3.99,8.89,23.75,0.12,0.00,10.25,25.25,-3.69,-0.06,0.06,2.56,0.02,-3.95,8.97,-0.01,0.00,-0.07,-0.21,-0.00,-0.00,0.98,1.00,0.00,0.00,0.00,
53155.00,28.46,27.00,87017.66,-0.11,0.00,-3.95,8.88,23.75,0.12,0.00,9.88,26.00,-4.06,-0.06,0.06,2.94,0.02,-3.95,8.97,-0.02,0.00,-0.08,-0.21,-0.00,-0.00,0.98,1.00,0.00,0.00,0.00,
53171.00,28.46,27.00,87018.34,-0.18,0.00,-3.91,8.98,23.69,0.12,0.00,9.88,26.00,-4.06,0.00,0.12,3.00,0.02,-3.94,8.97,-0.02,0.02,0.00,-0.21,-0.00,-0.00,0.98,1.00,0.00,0.00,0.00,
53187.00,28.45,27.00,87019.69,-0.31,0.03,-3.89,8.98,23.69,0.12,0.00,9.88,26.00,-4.06,-0.12,0.25,2.62,0.02,-3.93,8.98,0.00,0.08,-0.07,-0.21,-0.00,-0.00,0.98,1.00,0.00,0.00,0.00,
53204.00,28.46,27.00,87021.05,-0.44,0.03,-3.82,8.98,23.62,0.12,0.00,10.25,25.69,-3.69,0.00,-0.06,2.12,0.02,-3.93,8.98,0.00,0.10,0.00,-0.20,-0.00,-0.00,0.98,1.00,0.00,0.00,0.00,
53221.00,28.46,27.00,87017.66,-0.11,0.02,-3.82,9.02,23.56,0.12,0.00,10.25,25.69,-3.69,-0.12,0.06,1.12,0.02,-3.92,8.98,0.00,0.09,0.08,-0.20,-0.00,-0.00,0.98,1.00,0.00,0.00,0.00,
53237.00,28.46,27.00,87017.66,-0.11,0.02,-3.83,9.05,23.56,0.12,0.00,10.25,25.69,-3.69,-0.12,0.06,0.38,0.02,-3.92,8.98,0.00,0.11,0.06,-0.20,-0.00,-0.00,0.98,1.00,0.00,0.00,0.00,
53254.00,28.46,27.00,87014.95,0.15,0.01,-3.80,8.97,23.62,0.12,0.00,9.88,25.69,-3.19,-0.06,0.19,-1.00,0.02,-3.93,8.98,0.00,0.12,-0.01,-0.20,-0.00,-0.00,0.98,1.00,0.00,0.00,0.00,
53271.00,28.45,27.00,87019.01,-0.24,0.01,-3.81,8.93,23.62,0.12,0.00,9.88,25.69,-3.19,0.00,-0.31,-2.38,0.02,-3.93,8.98,0.01,0.09,0.00,-0.21,-0.00,-0.00,0.98,1.00,0.00,0.00,0.00,
53285.00,28.46,27.00,87021.05,-0.44,0.00,-3.87,9.00,23.69,0.12,0.00,9.88,25.69,-3.19,0.00,-0.62,-2.56,0.02,-3.94,8.98,-0.02,0.06,0.02,-0.21,-0.00,-0.00,0.98,1.00,0.00,0.00,0.00,
53300.00,28.46,27.00,87021.05,-0.18,0.01,-3.90,8.98,23.69,0.12,0.00,10.25,25.25,-2.88,0.12,-0.38,-2.81,0.02,-3.94,8.97,0.00,0.01,-0.02,-0.21,-0.00,-0.00,0.98,1.00,0.00,0.00,0.00,
53318.00,28.46,27.00,87014.95,0.15,0.02,-3.90,9.06,23.75,0.12,0.00,10.25,25.25,-2.88,0.00,-0.19,-3.31,0.02,-3.95,8.97,0.00,0.07,0.12,-0.21,-0.00,-0.00,0.98,1.00,0.00,0.00,0.00,
53332.00,28.46,27.00,87014.95,0.15,0.02,-3.88,8.93,23.81,0.12,0.00,10.25,25.25,-2.88,-0.19,0.44,-3.62,0.02,-3.96,8.96,0.00,0.07,-0.03,-0.21,-0.00,-0.00,0.98,1.00,0.00,0.00,0.00,
53346.00,28.46,27.00,87014.95,0.15,0.01,-3.90,8.86,23.88,0.12,0.00,9.88,25.56,-3.69,-0.06,-0.12,-3.94,0.02,-3.96,8.96,-0.01,0.02,-0.07,-0.21,-0.00,-0.00,0.98,1.00,0.00,0.00,0.00,
53365.00,28.47,27.00,87010.91,0.54,0.03,-3.93,8.94,23.94,0.12,0.00,9.88,25.56,-3.69,0.00,-0.38,-4.00,0.02,-3.98,8.96,0.00,0.04,-0.01,-0.21,-0.00,-0.00,0.98,1.00,0.00,0.00,0.00,
53380.00,28.46,27.00,87018.34,-0.18,0.02,-3.97,9.01,24.00,0.12,0.00,9.88,25.56,-3.69,0.12,-0.06,-3.75,0.02,-3.99,8.95,0.00,-0.04,-0.02,-0.21,-0.00,-0.00,0.98,1.00,0.00,0.00,0.00,
53394.00,28.46,27.00,87012.94,0.35,0.00,-3.99,8.93,24.06,0.12,0.00,9.06,26.25,-2.88,0.00,-0.12,-3.25,0.02,-3.99,8.95,-0.01,0.00,-0.01,-0.21,-0.00,-0.00,0.98,1.00,0.00,0.00,0.00,
53412.00,28.46,27.00,87018.34,-0.18,0.00,-3.96,8.93,24.06,0.12,0.00,9.06,26.25,-2.88,0.06,0.06,-2.94,0.02,-4.00,8.95,-0.01,0.00,-0.06,-0.21,-0.00,-0.00,0.98,1.00,0.00,0.00,0.00,
53429.00,28.47,27.00,87019.03,-0.25,0.01,-3.98,8.88,24.12,0.12,0.00,9.06,26.25,-2.88,0.00,-0.06,-2.25,0.02,-4.01,8.94,0.00,0.00,0.00,-0.21,-0.00,-0.00,0.98,1.00,0.00,0.00,0.00,
53443.00,28.47,27.00,87016.32,0.02,0.03,-4.02,8.91,24.19,0.12,0.00,9.50,25.69,-3.25,-0.19,-0.06,-1.88,0.02,-4.01,8.94,0.00,-0.01,-0.03,-0.21,-0.00,-0.00,0.98,1.00,0.00,0.00,0.00,
53461.00,28.47,27.00,87016.32,0.02,0.04,-4.02,8.94,24.19,0.12,0.00,9.50,25.69,-3.25,0.06,-0.12,-1.12,0.02,-4.02,8.94,0.00,0.00,-0.01,-0.21,-0.00,-0.00,0.98,1.00,0.00,0.00,0.00,
53479.00,28.46,27.00,87015.64,0.08,0.01,-4.01,8.91,24.19,0.12,0.00,9.50,25.69,-3.25,0.00,0.06,-0.69,0.02,-4.02,8.94,0.00,0.04,-0.07,-0.21,-0.00,-0.00,0.98,1.00,0.00,0.00,0.00,
53496.00,28.46,27.00,87021.05,-0.44,0.04,-3.97,8.90,24.19,0.12,0.00,9.50,25.69,-3.75,-0.12,-0.06,-0.62,0.02,-4.02,8.94,0.01,0.04,-0.03,-0.21,-0.00,-0.00,0.98,1.00,0.00,0.00,0.00,
53514.00,28.47,27.00,87017.03,-0.05,0.03,-4.01,8.95,24.19,0.12,0.00,9.50,25.69,-3.75,-0.06,-0.06,-0.31,0.02,-4.02,8.94,0.00,0.00,0.01,-0.21,-0.00,-0.00,0.98,1.00,0.00,0.00,0.00,
53530.00,28.46,27.00,87012.94,0.35,0.04,-4.00,8.94,24.19,0.12,0.00,9.50,25.69,-3.75,-0.06,0.12,-0.31,0.02,-4.02,8.94,0.00,0.00,-0.02,-0.21,-0.00,-0.00,0.98,1.00,0.00,0.00,0.00,
53547.00,28.46,27.00,87015.64,0.08,0.02,-4.02,8.89,24.19,0.12,0.00,10.25,25.25,-4.50,-0.06,0.50,-0.06,0.02,-4.02,8.94,-0.01,0.02,-0.03,-0.21,-0.00,-0.00,0.98,1.00,0.00,0.00,0.00,
53566.00,28.47,27.00,87016.32,0.02,0.00,-3.98,8.88,24.19,0.12,0.00,10.25,25.25,-4.50,0.00,0.19,0.25,0.02,-4.02,8.94,-0.02,0.04,-0.05,-0.21,-0.00,-0.00,0.98,1.00,0.00,0.00,0.00,
53581.00,28.45,27.00,87014.28,0.22,0.01,-3.97,8.89,24.19,0.12,0.00,10.25,25.25,-4.50,-0.19,-0.25,0.44,0.02,-4.02,8.94,0.00,0.04,0.01,-0.21,-0.00,-0.00,0.98,1.00,0.00,0.00,0.00,
53599.00,28.47,27.00,87010.91,0.54,0.01,-3.98,8.95,24.19,0.12,0.00,10.25,25.25,-3.00,0.00,0.12,0.44,0.02,-4.02,8.94,-0.02,0.03,0.00,-0.21,-0.00,-0.00,0.98,1.00,0.00,0.00,0.00,
53616.00,28.46,27.00,87012.94,0.35,0.02,-3.99,8.85,24.19,0.12,0.00,10.25,25.25,-3.00,0.00,0.19,0.44,0.02,-4.02,8.94,0.00,0.02,-0.08,-0.21,-0.00,-0.00,0.98,1.00,0.00,0.00,0.00,
53631.00,28.46,27.00,87012.94,0.35,0.02,-3.97,8.94,24.19,0.12,0.00,10.25,25.25,-3.00,0.12,-0.19,0.38,0.02,-4.02,8.94,-0.01,0.05,0.02,-0.21,-0.00,-0.00,0.98,1.00,0.00,0.00,0.00,
53649.00,28.47,27.00,87021.73,-0.51,0.03,-3.97,8.91,24.19,0.12,0.00,9.88,25.69,-3.25,-0.06,0.06,0.25,0.02,-4.02,8.94,-0.01,0.01,-0.04,-0.21,-0.00,-0.00,0.98,1.00,0.00,0.00,0.00,
53667.00,28.47,27.00,87016.32,0.02,0.02,-4.00,8.91,24.19,0.12,0.00,9.88,25.69,-3.25,-0.12,0.00,0.25,0.02,-4.02,8.94,0.00,0.02,-0.03,-0.21,-0.00,-0.00,0.98,1.00,0.00,0.00,0.00,
53682.00,28.47,27.00,87022.45,-0.58,0.00,-3.97,8.98,24.19,0.12,0.00,9.88,25.69,-3.25,0.06,0.00,0.06,0.02,-4.02,8.94,0.00,0.05,-0.01,-0.21,-0.00,-0.00,0.98,1.00,0.00,0.00,0.00,
53700.00,28.47,27.00,87013.61,0.28,0.02,-3.93,8.86,24.19,0.12,0.00,9.88,25.69,-3.25,-0.12,-0.12,-0.31,0.02,-4.02,8.94,0.00,0.09,-0.10,-0.21,-0.00,-0.00,0.98,1.00,0.00,0.00,0.00,
53717.00,28.47,27.00,87017.03,-0.05,0.02,-3.96,8.90,24.19,0.12,0.00,9.88,25.69,-3.25,0.00,-0.25,-0.56,0.02,-4.02,8.94,0.00,0.05,-0.03,-0.21,-0.00,-0.00,0.98,1.00,0.00,0.00,0.00,
53732.00,28.47,27.00,87008.20,0.80,0.02,-3.99,8.96,24.19,0.12,0.00,9.88,25.69,-3.25,-0.06,-0.19,-0.62,0.02,-4.02,8.94,0.00,0.03,0.02,-0.21,-0.00,-0.00,0.98,1.00,0.00,0.00,0.00,
53750.00,28.46,27.00,87015.64,0.08,0.01,-3.99,8.91,24.25,0.12,0.00,9.88,26.00,-3.75,0.00,0.06,-0.81,0.02,-4.02,8.94,0.00,0.00,-0.03,-0.21,-0.00,-0.00,0.98,1.00,0.00,0.00,0.00,
53768.00,28.47,27.00,87010.91,0.54,0.00,-3.96,8.93,24.25,0.12,0.00,9.88,26.00,-3.75,0.00,-0.19,-0.88,0.02,-4.03,8.94,-0.01,0.06,0.00,-0.21,-0.00,-0.00,0.98,1.00,0.00,0.00,0.00,
53782.00,28.47,27.00,87010.91,0.54,0.02,-3.96,8.86,24.25,0.12,0.00,9.88,26.00,-3.75,-0.06,-0.31,-1.12,0.02,-4.03,8.93,0.00,0.06,-0.06,-0.21,-0.00,-0.00,0.98,1.00,0.00,0.00,0.00,
53797.00,28.47,27.00,87017.03,-0.05,0.02,-3.99,8.92,24.25,0.12,0.00,10.56,26.00,-3.75,-0.12,-0.50,-1.31,0.02,-4.03,8.93,0.00,0.04,-0.01,-0.21,-0.00,-0.00,0.98,1.00,0.00,0.00,0.00,
53814.00,28.46,27.00,87010.22,0.61,0.01,-4.03,8.92,24.31,0.12,0.00,10.56,26.00,-3.75,-0.12,-0.06,-1.56,0.02,-4.04,8.93,0.00,0.00,-0.01,-0.21,-0.00,-0.00,0.98,1.00,0.00,0.00,0.00,
53831.00,28.47,27.00,87013.61,0.28,0.02,-4.00,8.90,24.31,0.12,0.00,10.56,26.00,-3.75,0.00,-0.06,-1.38,0.02,-4.04,8.93,-0.02,0.02,-0.03,-0.21,-0.00,-0.00,0.98,1.00,0.00,0.00,0.00,
53849.00,28.47,27.00,87013.61,0.28,0.02,-4.04,8.91,24.31,0.12,0.00,9.50,26.25,-3.75,0.00,0.00,-1.06,0.02,-4.04,8.93,0.00,-0.01,0.00,-0.21,-0.00,-0.00,0.98,1.00,0.00,0.00,0.00,
53867.00,28.47,27.00,87011.61,0.47,0.03,-4.03,8.94,24.38,0.12,0.00,9.50,26.25,-3.75,0.06,-0.12,-0.81,0.02,-4.04,8.93,0.00,0.01,0.00,-0.21,-0.00,-0.00,0.98,1.00,0.00,0.00,0.00,
53882.00,28.47,27.00,87019.73,-0.31,0.01,-4.01,8.80,24.38,0.12,0.00,9.50,26.25,-3.75,0.00,0.06,-0.75,0.02,-4.05,8.93,-0.01,0.04,-0.09,-0.21,-0.00,-0.00,0.98,1.00,0.00,0.00,0.00,
53901.00,28.46,27.00,87010.22,0.61,0.03,-4.01,8.86,24.38,0.12,0.00,10.56,25.56,-3.75,0.00,-0.31,-0.25,0.02,-4.05,8.93,0.00,0.00,0.02,-0.21,-0.00,-0.00,0.98,1.00,0.00,0.00,0.00,
53918.00,28.48,27.00,87017.71,-0.12,0.02,-4.07,8.95,24.38,0.12,0.00,10.56,25.56,-3.75,0.00,-0.12,0.00,0.02,-4.05,8.93,0.00,-0.02,0.02,-0.21,-0.00,-0.00,0.98,1.00,0.00,0.00,0.00,
53933.00,28.47,27.00,87014.33,0.21,0.00,-4.04,8.88,24.38,0.12,0.00,10.56,25.56,-3.75,0.12,0.19,0.44,0.02,-4.05,8.93,-0.01,0.00,-0.04,-0.21,-0.00,-0.00,0.98,1.00,0.00,0.00,0.00,
53951.00,28.48,27.00,87006.88,0.93,0.00,-4.01,8.84,24.38,0.12,0.00,9.88,26.69,-4.50,0.00,-0.12,0.81,0.02,-4.04,8.93,-0.02,0.05,-0.03,-0.21,-0.00,-0.00,0.98,1.00,0.00,0.00,0.00,
53968.00,28.47,27.00,87011.61,0.47,0.02,-4.02,8.84,24.38,0.12,0.00,9.88,26.69,-4.50,0.00,-0.31,0.75,0.02,-4.04,8.93,0.00,0.02,-0.08,-0.21,-0.00,-0.00,0.98,1.00,0.00,0.00,0.00,
53983.00,28.47,27.00,87014.33,0.21,0.03,-4.01,8.99,24.31,0.12,0.00,9.88,26.69,-4.50,-0.12,-0.06,1.06,0.02,-4.04,8.93,0.00,0.02,0.06,-0.21,-0.00,-0.00,0.98,1.00,0.00,0.00,0.00,
54001.00,28.48,27.00,87012.30,0.41,0.02,-4.01,8.92,24.31,0.12,0.00,10.25,26.25,-3.75,0.06,0.12,1.06,0.02,-4.04,8.93,-0.02,0.04,-0.04,-0.21,-0.00,-0.00,0.98,1.00,0.00,0.00,0.00,
54018.00,28.47,27.00,87017.03,-0.05,0.01,-3.98,8.89,24.31,0.12,0.00,10.25,26.25,-3.75,-0.06,-0.06,1.00,0.02,-4.04,8.93,0.00,0.05,-0.04,-0.21,-0.00,-0.00,0.98,1.00,0.00,0.00,0.00,
54033.00,28.48,27.00,87017.71,-0.12,0.00,-3.99,8.93,24.31,0.12,0.00,10.25,26.25,-3.75,0.06,-0.44,1.00,0.02,-4.03,8.93,-0.02,0.04,0.00,-0.21,-0.00,-0.00,0.98,1.00,0.00,0.00,0.00,
54051.00,28.48,27.00,87012.30,0.14,0.02,-4.00,8.97,24.25,0.12,0.00,10.25,25.88,-4.50,-0.06,-0.12,0.69,0.02,-4.03,8.93,-0.02,0.01,0.05,-0.21,-0.00,-0.00,0.98,1.00,0.00,0.00,0.00,
54068.00,28.48,27.00,87015.01,0.14,0.03,-3.99,8.93,24.25,0.12,0.00,10.25,25.88,-4.50,-0.06,-0.06,0.44,0.02,-4.03,8.93,0.00,0.03,0.00,-0.21,-0.00,-0.00,0.98,1.00,0.00,0.00,0.00,
54084.00,28.48,27.00,87012.30,0.41,0.01,-3.98,8.88,24.25,0.12,0.00,10.25,25.88,-4.50,-0.06,0.19,0.19,0.02,-4.03,8.93,0.00,0.04,-0.05,-0.21,-0.00,-0.00,0.98,1.00,0.00,0.00,0.00,
54101.00,28.48,27.00,87009.59,0.67,0.00,-3.99,8.86,24.25,0.12,0.00,9.06,26.25,-4.50,0.00,-0.38,0.12,0.02,-4.03,8.93,0.00,0.07,-0.02,-0.21,-0.00,-0.00,0.98,1.00,0.00,0.00,0.00,
54118.00,28.47,27.00,87016.32,0.02,0.02,-4.00,8.87,24.25,0.12,0.00,9.06,26.25,-4.50,-0.06,-0.31,0.44,0.02,-4.03,8.93,0.00,0.02,-0.05,-0.21,-0.00,-0.00,0.98,1.00,0.00,0.00,0.00,
54134.00,28.48,27.00,87012.30,0.41,0.02,-3.95,8.96,24.25,0.12,0.00,9.06,26.25,-4.50,0.00,0.00,0.62,0.02,-4.03,8.93,0.00,0.08,0.03,-0.21,-0.00,-0.00,0.98,1.00,0.00,0.00,0.00,
54151.00,28.47,27.00,87011.61,0.47,0.01,-3.94,8.93,24.25,0.12,0.00,9.88,26.25,-3.25,-0.06,0.00,0.12,0.02,-4.03,8.93,-0.02,0.10,0.03,-0.21,-0.00,-0.00,0.98,1.00,0.00,0.00,0.00,
54169.00,28.48,27.00,87012.30,0.41,0.01,-3.92,8.95,24.25,0.12,0.00,9.88,26.25,-3.25,0.06,-0.12,-0.44,0.02,-4.03,8.93,0.00,0.10,0.01,-0.21,-0.00,-0.00,0.98,1.00,0.00,0.00,0.00,
54184.00,28.48,27.00,87020.42,-0.38,0.03,-3.96,9.00,24.25,0.12,0.00,9.88,26.25,-3.25,0.06,-0.25,-1.38,0.02,-4.03,8.93,0.00,0.06,0.07,-0.21,-0.00,-0.00,0.98,1.00,0.00,0.00,0.00,
54198.00,28.48,27.00,87018.39,-0.18,0.03,-4.00,8.99,24.31,0.12,0.00,10.25,25.88,-3.25,-0.12,-0.12,-1.56,0.02,-4.03,8.93,0.00,0.03,0.05,-0.21,-0.00,-0.00,0.98,1.00,0.00,0.00,0.00,
54215.00,28.48,27.00,87015.01,0.14,0.02,-4.02,8.93,24.31,0.12,0.00,10.25,25.88,-3.25,0.06,-0.06,-1.62,0.02,-4.04,8.93,0.00,0.00,-0.04,-0.21,-0.00,-0.00,0.98,1.00,0.00,0.00,0.00,
54233.00,28.48,27.00,87012.30,0.41,0.01,-4.01,8.89,24.38,0.12,0.00,10.25,25.88,-3.25,0.00,-0.25,-1.06,0.02,-4.04,8.93,0.00,0.06,-0.04,-0.21,-0.00,-0.00,0.98,1.00,0.00,0.00,0.00,
54250.00,28.48,27.00,87015.69,0.08,0.01,-3.98,8.87,24.38,0.12,0.00,9.88,26.69,-3.75,-0.12,-0.25,-0.94,0.02,-4.04,8.93,0.00,0.04,-0.01,-0.21,-0.00,-0.00,0.98,1.00,0.00,0.00,0.00,
54267.00,28.48,27.00,87020.42,-0.38,0.04,-4.03,8.95,24.38,0.12,0.00,9.88,26.69,-3.75,-0.19,-0.06,-0.75,0.02,-4.05,8.93,0.01,0.01,0.02,-0.21,-0.00,-0.00,0.98,1.00,0.00,0.00,0.00,
54284.00,28.48,27.00,87021.10,-0.45,0.05,-4.05,8.92,24.38,0.12,0.00,9.88,26.69,-3.75,-0.12,-0.06,-0.12,0.02,-4.05,8.93,-0.01,0.03,-0.06,-0.21,-0.00,-0.00,0.98,1.00,0.00,0.00,0.00,
54301.00,28.47,27.00,87014.33,0.21,0.02,-4.02,8.89,24.38,0.12,0.00,9.88,24.75,-3.75,-0.19,0.12,0.12,0.02,-4.05,8.93,0.00,0.04,-0.06,-0.21,-0.00,-0.00,0.98,1.00,0.00,0.00,0.00,
54320.00,28.48,27.00,87012.98,0.34,0.01,-4.01,8.92,24.38,0.12,0.00,9.88,24.75,-3.75,-0.06,-0.19,0.31,0.02,-4.05,8.93,0.00,0.01,-0.06,-0.21,-0.00,-0.00,0.98,1.00,0.00,0.00,0.00,
54335.00,28.47,27.00,87019.73,-0.58,0.03,-4.07,8.91,24.38,0.12,0.00,9.88,24.75,-3.75,-0.19,-0.12,0.62,0.02,-4.05,8.93,0.00,-0.02,-0.01,-0.21,-0.00,-0.00,0.98,1.00,0.00,0.00,0.00,
54352.00,28.48,27.00,87015.01,0.14,0.05,-4.03,8.97,24.38,0.12,0.00,9.88,26.25,-3.25,0.00,0.06,1.19,0.02,-4.04,8.93,0.00,0.02,0.06,-0.21,-0.00,-0.00,0.98,1.00,0.00,0.00,0.00,
54370.00,28.48,27.00,87015.01,0.14,0.02,-3.99,8.85,24.31,0.12,0.00,9.88,26.25,-3.25,0.00,0.12,1.19,0.02,-4.04,8.93,-0.02,0.07,-0.07,-0.21,-0.00,-0.00,0.98,1.00,0.00,0.00,0.00,
54385.00,28.48,27.00,87010.95,0.54,0.01,-3.96,8.86,24.31,0.12,0.00,9.88,26.25,-3.25,-0.06,0.12,1.12,0.02,-4.04,8.93,-0.01,0.07,-0.06,-0.21,-0.00,-0.00,0.98,1.00,0.00,0.00,0.00,
54402.00,28.47,27.00,87014.33,0.21,0.02,-3.96,8.94,24.31,0.12,0.00,9.88,26.25,-3.00,0.00,0.00,1.12,0.02,-4.03,8.93,0.00,0.06,0.01,-0.21,-0.00,-0.00,0.98,1.00,0.00,0.00,0.00,
54420.00,28.47,27.00,87016.32,0.02,0.04,-4.00,8.90,24.25,0.12,0.00,9.88,26.25,-3.00,-0.12,-0.06,1.25,0.02,-4.03,8.93,0.01,0.03,-0.03,-0.21,-0.00,-0.00,0.98,1.00,0.00,0.00,0.00,
54435.00,28.48,27.00,87007.56,0.87,0.03,-3.97,8.97,24.25,0.12,0.00,9.88,26.25,-3.00,0.00,0.06,1.00,0.02,-4.03,8.93,0.00,0.06,0.03,-0.21,-0.00,-0.00,0.98,1.00,0.00,0.00,0.00,
54453.00,28.48,27.00,87012.98,0.34,0.01,-3.98,8.92,24.25,0.12,0.00,9.88,25.56,-4.19,-0.06,0.12,0.50,0.02,-4.03,8.93,0.00,0.08,-0.08,-0.21,-0.00,-0.00,0.98,1.00,0.00,0.00,0.00,
54471.00,28.48,27.00,87018.39,-0.18,0.04,-3.97,8.90,24.25,0.12,0.00,9.88,25.56,-4.19,-0.06,-0.12,0.56,0.02,-4.03,8.93,0.00,0.08,0.09,-0.21,-0.00,-0.00,0.98,1.00,0.00,0.00,0.00,
54485.00,28.48,27.00,87010.27,0.60,0.03,-3.94,9.03,24.25,0.12,0.00,9.88,25.56,-4.19,0.00,-0.12,0.00,0.02,-4.03,8.93,0.00,0.08,0.09,-0.21,-0.00,-0.00,0.98,1.00,0.00,0.00,0.00,
54503.00,28.48,27.00,87015.69,0.08,0.02,-3.96,8.94,24.25,0.12,0.00,9.88,25.88,-3.75,-0.06,0.06,-0.69,0.02,-4.03,8.93,0.00,0.09,-0.06,-0.21,-0.00,-0.00,0.98,1.00,0.00,0.00,0.00,
54521.00,28.48,27.00,87015.69,0.08,0.02,-3.94,8.87,24.25,0.12,0.00,9.88,25.88,-3.75,0.06,0.00,-0.81,0.02,-4.03,8.93,0.00,0.06,-0.05,-0.21,-0.00,-0.00,0.98,1.00,0.00,0.00,0.00,
54536.00,28.48,27.00,87012.98,0.34,0.01,-4.00,8.94,24.31,0.12,0.00,9.88,25.88,-3.75,0.00,-0.38,-1.12,0.02,-4.03,8.93,-0.01,0.03,0.00,-0.21,-0.00,-0.00,0.98,1.00,0.00,0.00,0.00,
54550.00,28.48,27.00,87015.69,0.08,0.02,-4.00,8.96,24.31,0.12,0.00,9.50,26.69,-4.50,-0.06,-0.19,-0.81,0.02,-4.03,8.93,0.00,0.03,0.03,-0.21,-0.00,-0.00,0.98,1.00,0.00,0.00,0.00,
54568.00,28.48,27.00,87016.37,0.01,0.01,-4.04,8.88,24.31,0.12,0.00,9.50,26.69,-4.50,0.12,0.06,-0.94,0.02,-4.04,8.93,0.00,0.00,-0.04,-0.21,-0.00,-0.00,0.98,1.00,0.00,0.00,0.00,
54584.00,28.48,27.00,87013.66,0.28,0.00,-4.03,8.86,24.31,0.12,0.00,9.50,26.69,-4.50,0.00,0.00,-0.06,0.02,-4.04,8.93,-0.02,0.00,-0.13,-0.21,-0.00,-0.00,0.98,1.00,0.00,0.00,0.00,
54602.00,28.48,27.00,87012.98,0.34,0.01,-4.01,8.96,24.31,0.12,0.00,9.88,26.25,-3.00,-0.19,-0.25,0.44,0.02,-4.04,8.93,0.01,0.01,0.08,-0.21,-0.00,-0.00,0.98,1.00,0.00,0.00,0.00,
54620.00,28.49,27.00,87019.75,-0.31,0.03,-4.03,8.90,24.31,0.12,0.00,9.88,26.25,-3.00,-0.06,-0.06,0.94,0.02,-4.03,8.93,0.00,0.00,-0.02,-0.21,-0.00,-0.00,0.98,1.00,0.00,0.00,0.00,
54635.00,28.48,27.00,87015.69,0.08,0.00,-4.03,8.90,24.25,0.12,0.00,9.88,26.25,-3.00,-0.12,0.06,1.75,0.02,-4.03,8.93,0.00,0.03,-0.01,-0.21,-0.00,-0.00,0.98,1.00,0.00,0.00,0.00,
54649.00,28.48,27.00,87008.25,0.80,0.04,-4.01,8.90,24.25,0.12,0.00,9.88,25.88,-3.25,-0.12,-0.12,2.00,0.02,-4.03,8.93,0.01,0.01,-0.03,-0.21,-0.00,-0.00,0.98,1.00,0.00,0.00,0.00,
54667.00,28.48,27.00,87005.54,1.06,0.01,-3.97,8.91,24.19,0.12,0.00,9.88,25.88,-3.25,-0.12,-0.12,2.38,0.02,-4.02,8.94,0.00,0.03,-0.01,-0.21,-0.00,-0.00,0.98,1.00,0.00,0.00,0.00,
54684.00,28.49,27.00,87014.34,0.21,0.05,-3.99,8.93,24.12,0.12,0.00,9.88,25.88,-3.25,0.00,-0.25,2.56,0.02,-4.01,8.94,0.00,0.02,-0.02,-0.21,-0.00,-0.00,0.98,1.00,0.00,0.00,0.00,
54698.00,28.48,27.00,87015.69,0.08,0.02,-3.97,8.93,24.12,0.12,0.00,9.50,25.88,-3.25,-0.06,-0.19,2.69,0.02,-4.01,8.94,0.00,0.03,-0.01,-0.21,-0.00,-0.00,0.98,1.00,0.00,0.00,0.00,
54715.00,28.48,27.00,87016.37,0.01,0.01,-3.96,8.93,24.06,0.12,0.00,9.50,25.88,-3.25,0.00,0.06,2.75,0.02,-4.00,8.95,0.00,0.05,0.00,-0.21,-0.00,-0.00,0.98,1.00,0.00,0.00,0.00,
54733.00,28.48,27.00,87015.69,-0.18,0.01,-3.96,8.94,24.06,0.12,0.00,9.50,25.88,-3.25,-0.06,0.06,2.94,0.02,-3.99,8.95,0.00,0.05,-0.03,-0.21,-0.00,-0.00,0.98,1.00,0.00,0.00,0.00,
54748.00,28.48,27.00,87019.08,-0.25,0.03,-3.93,9.02,24.00,0.12,0.00,9.50,25.56,-4.88,0.00,-0.19,2.94,0.02,-3.99,8.95,0.00,0.05,0.06,-0.21,-0.00,-0.00,0.98,1.00,0.00,0.00,0.00,
54763.00,28.49,27.00,87017.05,-0.05,0.04,-3.91,8.98,23.94,0.12,0.00,9.50,25.56,-4.88,0.00,-0.12,2.88,0.02,-3.98,8.96,0.00,0.03,-0.04,-0.21,-0.00,-0.00,0.98,1.00,0.00,0.00,0.00,
54779.00,28.49,27.00,87019.75,-0.31,0.03,-3.87,8.94,23.88,0.12,0.00,9.50,25.56,-4.88,0.00,-0.12,2.50,0.02,-3.97,8.96,0.00,0.10,-0.01,-0.21,-0.00,-0.00,0.98,1.00,0.00,0.00,0.00,
54794.00,28.49,27.00,87017.05,-0.05,0.02,-3.86,8.95,23.88,0.12,0.00,9.50,25.56,-4.88,-0.12,-0.06,1.94,0.02,-3.97,8.96,0.00,0.08,-0.04,-0.21,-0.00,-0.00,0.98,1.00,0.00,0.00,0.00,
54806.00,28.49,27.00,87009.64,0.67,0.03,-3.88,8.92,23.81,0.12,0.00,9.50,25.19,-2.56,0.00,-0.25,1.50,0.02,-3.96,8.96,-0.01,0.10,0.02,-0.21,-0.00,-0.00,0.98,1.00,0.00,0.00,0.00,
54824.00,28.49,27.00,87022.47,-0.58,0.01,-3.85,8.99,23.81,0.12,0.00,9.50,25.19,-2.56,0.00,-0.31,1.19,0.02,-3.96,8.96,0.00,0.10,-0.01,-0.21,-0.00,-0.00,0.98,1.00,0.00,0.00,0.00,
54838.00,28.49,27.00,87019.75,-0.31,0.00,-3.90,8.94,23.81,0.12,0.00,9.50,25.19,-2.56,0.06,-0.06,0.25,0.02,-3.96,8.96,-0.01,0.06,-0.02,-0.21,-0.00,-0.00,0.98,1.00,0.00,0.00,0.00,
54853.00,28.48,27.00,87024.48,-0.77,0.02,-3.90,8.99,23.81,0.12,0.00,9.06,25.56,-4.19,-0.12,-0.12,0.12,0.02,-3.96,8.96,0.00,0.01,0.00,-0.21,-0.00,-0.00,0.98,1.00,0.00,0.00,0.00,
54870.00,28.49,27.00,87017.76,-0.39,0.02,-3.93,8.97,23.81,0.12,0.00,9.06,25.56,-4.19,0.06,-0.12,-0.44,0.02,-3.96,8.96,0.00,0.02,0.01,-0.21,-0.00,-0.00,0.98,1.00,0.00,0.00,0.00,
54886.00,28.49,27.00,87015.05,0.14,0.03,-3.91,8.99,23.81,0.12,0.00,9.06,25.56,-4.19,-0.06,-0.06,-0.44,0.02,-3.96,8.96,0.00,0.04,0.00,-0.21,-0.00,-0.00,0.98,1.00,0.00,0.00,0.00,
54904.00,28.49,27.00,87019.75,-0.31,0.00,-3.88,8.96,23.81,0.12,0.00,10.25,26.25,-3.25,0.00,-0.06,-0.69,0.02,-3.96,8.96,0.00,0.07,0.00,-0.21,-0.00,-0.00,0.98,1.00,0.00,0.00,0.00,
54921.00,28.50,27.00,87015.77,0.07,0.02,-3.91,8.94,23.88,0.12,0.00,10.25,26.25,-3.25,-0.06,-0.12,-1.00,0.02,-3.97,8.96,0.00,0.05,-0.02,-0.21,-0.00,-0.00,0.98,1.00,0.00,0.00,0.00,
54937.00,28.49,27.00,87015.05,0.14,0.03,-3.94,8.89,23.88,0.12,0.00,10.25,26.25,-3.25,-0.06,-0.06,-1.19,0.02,-3.97,8.96,0.00,0.02,-0.06,-0.21,-0.00,-0.00,0.98,1.00,0.00,0.00,0.00,
54955.00,28.49,27.00,87017.76,-0.12,0.01,-3.95,8.96,23.88,0.12,0.00,8.75,25.56,-4.19,-0.06,-0.25,-0.81,0.02,-3.97,8.96,0.00,0.00,0.01,-0.21,-0.00,-0.00,0.98,1.00,0.00,0.00,0.00,
54972.00,28.49,27.00,87014.34,-0.05,0.04,-3.99,8.93,23.88,0.12,0.00,8.75,25.56,-4.19,0.00,-0.12,-0.38,0.02,-3.97,8.96,0.01,-0.01,-0.02,-0.21,-0.00,-0.00,0.98,1.00,0.00,0.00,0.00,
54988.00,28.48,27.00,87012.98,0.87,0.00,-3.95,8.84,23.88,0.12,0.00,8.75,25.56,-4.19,-0.06,0.06,0.19,0.02,-3.97,8.96,-0.01,0.02,-0.11,-0.21,-0.00,-0.00,0.98,1.00,0.00,0.00,0.00,
55005.00,28.49,27.00,87014.34,0.21,0.04,-3.94,8.94,23.88,0.12,0.00,9.88,26.25,-3.25,0.00,-0.25,0.50,0.02,-3.97,8.96,-0.01,0.04,-0.01,-0.21,-0.00,-0.00,0.98,1.00,0.00,0.00,0.00,
55022.00,28.49,27.00,87017.76,-0.12,0.04,-3.94,8.95,23.88,0.12,0.00,9.88,26.25,-3.25,-0.06,-0.12,0.50,0.02,-3.97,8.96,0.01,0.03,-0.01,-0.21,-0.00,-0.00,0.98,1.00,0.00,0.00,0.00,
55038.00,28.49,27.00,87015.05,0.14,0.02,-3.98,8.98,23.88,0.12,0.00,9.88,26.25,-3.25,-0.06,-0.06,1.06,0.02,-3.97,8.96,0.00,0.00,0.01,-0.21,-0.00,-0.00,0.98,1.00,0.00,0.00,0.00,
55052.00,28.49,27.00,87020.47,-0.39,0.00,-3.94,8.92,23.88,0.12,0.00,9.50,26.25,-3.00,-0.06,-0.06,1.38,0.02,-3.97,8.96,-0.03,0.02,-0.04,-0.21,-0.00,-0.00,0.98,1.00,0.00,0.00,0.00,
55069.00,28.49,27.00,87015.05,0.14,0.00,-3.97,8.93,23.81,0.12,0.00,9.50,26.25,-3.00,-0.06,0.06,1.88,0.02,-3.96,8.96,0.00,0.01,-0.02,-0.21,-0.00,-0.00,0.98,1.00,0.00,0.00,0.00,
55086.00,28.50,27.00,87021.86,-0.52,0.01,-3.89,8.95,23.75,0.12,0.00,9.50,26.25,-3.00,-0.06,-0.12,2.31,0.02,-3.95,8.97,0.01,0.07,-0.03,-0.21,-0.00,-0.00,0.98,1.00,0.00,0.00,0.00,
55101.00,28.49,27.00,87020.47,0.14,0.03,-3.87,8.93,23.75,0.12,0.00,10.25,25.19,-3.25,-0.06,-0.06,2.25,0.02,-3.95,8.97,0.00,0.07,-0.03,-0.21,-0.00,-0.00,0.98,1.00,0.00,0.00,0.00,
55118.00,28.49,27.00,87015.05,0.14,0.01,-3.89,8.95,23.69,0.12,0.00,10.25,25.19,-3.25,0.00,0.06,2.12,0.02,-3.94,8.97,0.00,0.04,0.07,-0.21,-0.00,-0.00,0.98,1.00,0.00,0.00,0.00,
55136.00,28.49,27.00,87017.76,-0.12,0.00,-3.90,9.01,23.69,0.12,0.00,10.25,25.19,-3.25,-0.06,0.06,1.56,0.02,-3.94,8.97,0.00,0.06,0.01,-0.21,-0.00,-0.00,0.98,1.00,0.00,0.00,0.00,
55149.00,28.50,27.00,87024.56,-0.78,0.00,-3.87,8.95,23.69,0.12,0.00,10.25,24.75,-3.25,-0.06,0.12,1.38,0.02,-3.94,8.97,-0.01,0.06,-0.02,-0.21,-0.00,-0.00,0.98,1.00,0.00,0.00,0.00,
55166.00,28.50,27.00,87021.17,-0.45,0.03,-3.89,9.00,23.62,0.12,0.00,10.25,24.75,-3.25,-0.06,-0.25,1.19,0.02,-3.93,8.98,0.00,0.05,0.01,-0.21,-0.00,-0.00,0.98,1.00,0.00,0.00,0.00,
55184.00,28.50,27.00,87018.47,-0.19,0.02,-3.87,8.98,23.62,0.12,0.00,10.25,24.75,-3.25,0.06,-0.12,1.00,0.02,-3.93,8.98,0.00,0.07,-0.03,-0.20,-0.00,-0.00,0.98,1.00,0.00,0.00,0.00,
55201.00,28.50,27.00,87016.44,0.00,0.03,-3.85,9.00,23.62,0.12,0.00,10.56,24.75,-3.75,-0.06,-0.12,0.56,0.02,-3.93,8.98,0.00,0.08,0.02,-0.20,-0.00,-0.00,0.98,1.00,0.00,0.00,0.00,
55219.00,28.51,27.00,87017.80,-0.13,0.03,-3.86,9.01,23.62,0.12,0.00,10.56,24.75,-3.75,-0.06,0.00,-0.19,0.02,-3.93,8.98,0.00,0.11,0.02,-0.20,-0.00,-0.00,0.98,1.00,0.00,0.00,0.00,
55236.00,28.50,27.00,87019.16,-0.26,0.02,-3.88,8.97,23.62,0.12,0.00,10.56,24.75,-3.75,-0.06,-0.06,-0.75,0.02,-3.93,8.98,0.00,0.03,0.02,-0.21,-0.00,-0.00,0.98,1.00,0.00,0.00,0.00,
55254.00,28.50,27.00,87019.16,-0.26,0.00,-3.89,8.96,23.62,0.12,0.00,9.88,24.06,-4.19,-0.06,0.06,-0.75,0.02,-3.93,8.98,0.00,0.02,-0.01,-0.21,-0.00,-0.00,0.98,1.00,0.00,0.00,0.00,
55272.00,28.51,27.00,87017.12,-0.06,0.01,-3.90,8.92,23.62,0.12,0.00,9.88,24.06,-4.19,-0.12,-0.06,-0.44,0.02,-3.93,8.98,-0.01,0.02,-0.05,-0.21,-0.00,-0.00,0.98,1.00,0.00,0.00,0.00,
55288.00,28.51,27.00,87011.70,-0.06,0.04,-3.89,8.97,23.62,0.12,0.00,9.88,24.06,-4.19,0.00,-0.25,-0.56,0.02,-3.93,8.98,0.00,0.06,0.06,-0.21,-0.00,-0.00,0.98,1.00,0.00,0.00,0.00,
55305.00,28.50,27.00,87015.77,0.07,0.03,-3.86,9.00,23.62,0.12,0.00,10.25,24.75,-5.25,-0.12,-0.25,-0.62,0.02,-3.94,8.98,0.00,0.08,-0.04,-0.21,-0.00,-0.00,0.98,1.00,0.00,0.00,0.00,
55324.00,28.50,27.00,87015.77,0.07,0.01,-3.85,8.90,23.69,0.12,0.00,10.25,24.75,-5.25,-0.06,0.06,-1.50,0.02,-3.94,8.97,-0.01,0.09,-0.07,-0.21,-0.00,-0.00,0.98,1.00,0.00,0.00,0.00,
55339.00,28.50,27.00,87021.17,-0.45,0.04,-3.88,9.02,23.69,0.12,0.00,10.25,24.75,-5.25,-0.06,-0.25,-1.75,0.02,-3.94,8.97,0.01,0.06,0.04,-0.21,-0.00,-0.00,0.98,1.00,0.00,0.00,0.00,
55353.00,28.51,27.00,87019.83,-0.32,0.05,-3.91,8.95,23.75,0.12,0.00,9.88,25.88,-4.50,0.06,-0.06,-1.94,0.02,-3.95,8.97,0.02,0.03,-0.01,-0.21,-0.00,-0.00,0.98,1.00,0.00,0.00,0.00,
55371.00,28.50,27.00,87015.77,0.07,0.03,-3.90,8.95,23.75,0.12,0.00,9.88,25.88,-4.50,0.06,-0.06,-2.00,0.02,-3.95,8.97,0.00,0.04,-0.02,-0.21,-0.00,-0.00,0.98,1.00,0.00,0.00,0.00,
55387.00,28.49,27.00,87015.05,0.14,0.02,-3.90,8.84,23.81,0.12,0.00,9.88,25.88,-4.50,0.00,-0.25,-1.94,0.02,-3.96,8.97,0.00,0.07,0.04,-0.21,-0.00,-0.00,0.98,1.00,0.00,0.00,0.00,
55402.00,28.50,27.00,87021.17,-0.45,0.02,-3.91,9.02,23.81,0.12,0.00,9.50,25.88,-3.00,-0.12,-0.56,-2.00,0.02,-3.96,8.96,0.00,0.05,0.05,-0.21,-0.00,-0.00,0.98,1.00,0.00,0.00,0.00,
55419.00,28.51,27.00,87019.83,-0.32,0.01,-3.94,8.96,23.88,0.12,0.00,9.50,25.88,-3.00,0.00,-0.06,-2.12,0.02,-3.97,8.96,0.00,0.02,-0.01,-0.21,-0.00,-0.00,0.98,1.00,0.00,0.00,0.00,
55437.00,28.50,27.00,87018.47,-0.19,0.04,-3.99,8.94,23.88,0.12,0.00,9.50,25.88,-3.00,0.00,0.06,-1.38,0.02,-3.97,8.96,0.00,-0.02,-0.03,-0.21,-0.00,-0.00,0.98,1.00,0.00,0.00,0.00,
55455.00,28.50,27.00,87019.16,-0.26,0.03,-3.96,8.91,23.88,0.12,0.00,10.56,24.38,-4.19,-0.12,0.12,-0.81,0.02,-3.97,8.96,0.00,0.01,0.00,-0.21,-0.00,-0.00,0.98,1.00,0.00,0.00,0.00,
55472.00,28.51,27.00,87017.12,-0.06,0.04,-3.95,8.93,23.88,0.12,0.00,10.56,24.38,-4.19,-0.06,-0.25,0.31,0.02,-3.97,8.96,0.01,0.02,-0.02,-0.21,-0.00,-0.00,0.98,1.00,0.00,0.00,0.00,
55488.00,28.51,27.00,87014.42,0.20,0.04,-3.95,8.90,23.88,0.12,0.00,10.56,24.38,-4.19,0.06,-0.06,0.94,0.02,-3.97,8.96,0.00,0.04,0.01,-0.21,-0.00,-0.00,0.98,1.00,0.00,0.00,0.00,
55507.00,28.51,27.00,87017.12,-0.06,0.00,-3.92,8.97,23.88,0.12,0.00,9.88,24.75,-3.75,-0.06,-0.12,0.94,0.02,-3.97,8.96,-0.01,0.05,0.00,-0.21,-0.00,-0.00,0.98,1.00,0.00,0.00,0.00,
55524.00,28.50,27.00,87016.44,0.00,0.01,-3.92,8.94,23.88,0.12,0.00,9.88,24.75,-3.75,0.00,-0.19,0.88,0.02,-3.97,8.96,-0.01,0.04,-0.02,-0.21,-0.00,-0.00,0.98,1.00,0.00,0.00,0.00,
55539.00,28.51,27.00,87022.54,-0.59,0.03,-3.90,8.97,23.88,0.12,0.00,9.88,24.75,-3.75,-0.06,-0.12,1.00,0.02,-3.96,8.96,0.00,0.05,0.00,-0.21,-0.00,-0.00,0.98,1.00,0.00,0.00,0.00,
55559.00,28.51,27.00,87009.00,0.73,0.02,-3.89,8.96,23.81,0.12,0.00,9.88,24.75,-4.19,0.06,0.00,0.75,0.02,-3.96,8.96,0.00,0.05,0.03,-0.21,-0.00,-0.00,0.98,1.00,0.00,0.00,0.00,
55576.00,28.51,27.00,87011.70,0.47,0.00,-3.88,8.96,23.81,0.12,0.00,9.88,24.75,-4.19,-0.06,-0.06,0.44,0.02,-3.96,8.96,-0.01,0.10,-0.03,-0.21,-0.00,-0.00,0.98,1.00,0.00,0.00,0.00,
55590.00,28.50,27.00,87019.16,-0.26,0.00,-3.88,8.89,23.81,0.12,0.00,9.88,24.75,-4.19,0.06,-0.06,-0.19,0.02,-3.96,8.96,-0.01,0.08,-0.07,-0.21,-0.00,-0.00,0.98,1.00,0.00,0.00,0.00,
55608.00,28.51,27.00,87012.39,0.40,0.03,-3.90,8.99,23.81,0.12,0.00,9.50,25.19,-3.75,0.00,-0.38,-0.25,0.02,-3.96,8.96,0.00,0.04,0.02,-0.21,-0.00,-0.00,0.98,1.00,0.00,0.00,0.00,
55625.00,28.52,27.00,87018.48,-0.19,0.04,-3.90,9.04,23.81,0.12,0.00,9.50,25.19,-3.75,0.00,0.00,-0.19,0.02,-3.96,8.96,0.01,0.06,0.07,-0.21,-0.00,-0.00,0.98,1.00,0.00,0.00,0.00,
55641.00,28.51,27.00,87022.54,-0.59,0.03,-3.87,8.90,23.88,0.12,0.00,9.50,25.19,-3.75,-0.06,0.31,-1.44,0.02,-3.97,8.96,0.00,0.09,-0.05,-0.21,-0.00,-0.00,0.98,1.00,0.00,0.00,0.00,
55656.00,28.51,27.00,87019.83,-0.32,0.03,-3.80,9.00,23.88,0.12,0.00,10.25,25.88,-4.19,-0.12,0.12,-1.94,0.02,-3.97,8.96,0.02,0.11,0.05,-0.21,-0.00,-0.00,0.98,1.00,0.00,0.00,0.00,
55672.00,28.50,27.00,87011.03,0.53,0.06,-3.89,8.97,23.94,0.12,0.00,10.25,25.88,-4.19,-0.06,-0.12,-3.06,0.02,-3.98,8.96,0.03,0.08,0.01,-0.21,-0.00,-0.00,0.98,1.00,0.00,0.00,0.00,
55689.00,28.51,27.00,87014.42,0.20,0.03,-3.88,9.06,24.00,0.12,0.00,10.25,25.88,-4.19,-0.19,0.06,-3.94,0.02,-3.99,8.95,0.01,0.06,-0.07,-0.21,-0.00,-0.00,0.98,1.00,0.00,0.00,0.00,
55704.00,28.50,27.00,87011.03,0.53,0.04,-3.90,8.96,24.06,0.12,0.00,9.50,25.56,-3.75,-0.06,0.25,-4.25,0.02,-3.99,8.95,0.01,0.09,0.01,-0.21,-0.00,-0.00,0.98,1.00,0.00,0.00,0.00,
55720.00,28.51,27.00,87014.42,0.20,0.03,-3.90,8.97,24.12,0.12,0.00,9.50,25.56,-3.75,-0.06,0.06,-4.44,0.02,-4.01,8.94,0.01,0.07,-0.14,-0.21,-0.00,-0.00,0.98,1.00,0.00,0.00,0.00,
55738.00,28.51,27.00,87017.12,-0.06,0.05,-3.96,8.97,24.19,0.12,0.00,9.50,25.56,-3.75,-0.12,-0.19,-4.50,0.02,-4.02,8.94,0.01,0.00,0.09,-0.21,-0.00,-0.00,0.98,1.00,0.00,0.00,0.00,
