42248.00,37.06,36.00,86144.70,-0.17,-0.29,-4.11,8.92,24.94,-0.62,357.44,0.75,30.56,-22.50,0.06,-0.19,0.75,-0.10,-4.13,8.89,-0.18,0.02,0.03,-0.22,0.00,0.02,0.98,1.00,0.00,0.00,0.00,
43029.00,37.06,36.00,86142.63,0.03,-0.20,-4.00,8.48,24.69,-1.31,359.94,5.69,47.88,-11.06,0.19,0.25,-0.81,-0.23,-4.10,8.90,0.02,0.09,-0.41,-0.21,0.01,0.00,0.98,1.00,0.00,0.00,0.00,
43046.00,37.06,36.00,86142.63,0.03,-0.23,-4.00,8.51,24.69,-1.31,359.94,6.06,48.56,-11.38,0.06,-0.12,1.00,-0.23,-4.10,8.90,0.00,0.11,-0.39,-0.21,0.01,0.00,0.98,1.00,0.00,0.00,0.00,
43064.00,37.06,36.00,86139.22,0.36,-0.25,-3.96,8.50,24.69,-1.31,359.94,6.06,48.56,-11.38,-0.25,-0.12,1.44,-0.23,-4.09,8.90,-0.02,0.13,-0.39,-0.21,0.01,0.00,0.98,1.00,0.00,0.00,0.00,
43079.00,37.05,36.00,86138.53,0.43,-0.28,-3.98,8.51,24.62,-1.31,359.94,6.06,48.56,-11.38,-0.44,-0.44,2.56,-0.23,-4.09,8.90,-0.05,0.10,-0.39,-0.21,0.01,0.00,0.98,1.00,0.00,0.00,0.00,
43096.00,37.05,36.00,86141.27,0.16,-0.21,-3.96,8.60,24.62,-1.31,0.00,5.69,49.00,-9.75,-0.81,-0.56,3.62,-0.22,-4.08,8.91,0.01,0.14,-0.26,-0.21,0.01,-0.00,0.98,1.00,0.00,0.00,0.00,
43114.00,37.06,36.00,86141.97,0.09,-0.21,-3.93,8.72,24.56,-1.31,0.00,5.69,49.00,-9.75,-0.88,-0.75,3.62,-0.22,-4.07,8.91,0.01,0.14,-0.18,-0.21,0.01,-0.00,0.98,1.00,0.00,0.00,0.00,
43129.00,37.06,36.00,86144.70,-0.17,-0.16,-3.93,8.75,24.50,-1.31,0.00,5.69,49.00,-9.75,-0.50,-0.44,3.00,-0.22,-4.06,8.92,0.05,0.13,-0.16,-0.21,0.01,-0.00,0.98,1.00,0.00,0.00,0.00,
43146.00,37.05,36.00,86135.78,0.70,-0.13,-3.97,8.71,24.44,-1.31,0.00,5.25,48.25,-10.56,-0.06,-0.06,1.31,-0.22,-4.06,8.92,0.08,0.09,-0.22,-0.21,0.01,-0.00,0.98,1.00,0.00,0.00,0.00,
43164.00,37.06,36.00,86145.38,-0.24,-0.19,-3.96,8.71,24.44,-1.31,0.00,5.25,48.25,-10.56,0.12,-0.12,0.06,-0.22,-4.06,8.92,0.03,0.10,-0.20,-0.21,0.01,-0.00,0.98,1.00,0.00,0.00,0.00,
43179.00,37.05,36.00,86148.83,-0.58,-0.24,-3.94,8.73,24.44,-1.31,0.00,5.25,48.25,-10.56,0.19,0.00,-1.25,-0.22,-4.06,8.92,-0.01,0.12,-0.18,-0.21,0.01,-0.00,0.98,1.00,0.00,0.00,0.00,
43197.00,37.06,36.00,86145.38,-0.24,-0.20,-3.95,8.73,24.50,-1.31,0.00,4.56,49.00,-10.56,0.06,0.19,-1.00,-0.22,-4.06,8.91,0.03,0.11,-0.25,-0.21,0.01,-0.00,0.98,1.00,0.00,0.00,0.00,
43215.00,37.05,36.00,86144.02,-0.11,-0.19,-3.94,8.62,24.50,-1.31,0.00,4.56,49.00,-10.56,0.00,0.25,-0.69,-0.22,-4.06,8.91,0.03,0.12,-0.29,-0.21,0.01,-0.00,0.98,1.00,0.00,0.00,0.00,
43230.00,37.06,36.00,86145.38,-0.24,-0.19,-3.94,8.54,24.50,-1.31,0.00,4.56,49.00,-10.56,0.06,0.25,-0.88,-0.22,-4.07,8.91,0.03,0.12,-0.37,-0.21,0.01,-0.00,0.98,1.00,0.00,0.00,0.00,
43247.00,37.06,36.00,86139.22,0.36,-0.22,-3.88,8.56,24.50,-1.31,0.00,5.25,48.25,-10.19,0.12,0.06,-0.56,-0.22,-4.07,8.91,0.00,0.19,-0.38,-0.21,0.01,-0.00,0.98,1.00,0.00,0.00,0.00,
43265.00,37.06,36.00,86139.22,0.36,-0.22,-3.86,8.48,24.50,-1.31,0.00,5.25,48.25,-10.19,-0.06,-0.19,0.06,-0.22,-4.07,8.91,0.01,0.18,-0.34,-0.21,0.01,-0.00,0.98,1.00,0.00,0.00,0.00,
43280.00,37.06,36.00,86141.97,0.09,-0.24,-3.96,8.73,24.50,-1.31,0.00,5.25,48.25,-10.19,-0.19,-0.38,0.94,-0.22,-4.07,8.91,-0.02,0.10,-0.17,-0.21,0.01,-0.00,0.98,1.00,0.00,0.00,0.00,
43295.00,37.06,36.00,86144.70,-0.17,-0.22,-3.97,8.71,24.50,-1.31,0.00,5.25,48.56,-10.56,-0.25,-0.19,0.56,-0.22,-4.07,8.91,0.01,0.08,-0.19,-0.21,0.01,-0.00,0.98,1.00,0.00,0.00,0.00,
43312.00,37.06,36.00,86141.97,0.09,-0.20,-3.96,8.69,24.50,-1.31,0.00,5.25,48.56,-10.56,0.00,0.06,-0.06,-0.22,-4.07,8.91,0.02,0.10,-0.22,-0.21,0.01,-0.00,0.98,1.00,0.00,0.00,0.00,
43328.00,37.06,36.00,86142.63,0.03,-0.17,-4.05,8.62,24.50,-1.31,0.00,5.25,48.56,-10.56,0.19,0.12,-0.25,-0.22,-4.07,8.91,0.04,0.08,-0.22,-0.21,0.01,-0.00,0.98,1.00,0.00,0.00,0.00,
43346.00,37.06,36.00,86142.63,0.03,-0.18,-4.03,8.70,24.50,-1.31,0.00,4.88,48.25,-8.56,0.06,0.06,-0.56,-0.22,-4.07,8.91,0.00,0.14,-0.30,-0.21,0.01,-0.00,0.98,1.00,0.00,0.00,0.00,
43365.00,37.06,36.00,86142.63,0.03,-0.25,-3.97,8.59,24.50,-1.31,0.00,4.88,48.25,-8.56,0.00,0.12,-0.62,-0.22,-4.07,8.91,-0.03,0.10,-0.32,-0.21,0.01,-0.00,0.98,1.00,0.00,0.00,0.00,
43380.00,37.06,36.00,86141.97,0.90,-0.23,-3.91,8.53,24.50,-1.31,0.00,4.88,48.25,-8.56,-0.06,0.25,0.19,-0.22,-4.07,8.91,-0.03,0.18,-0.43,-0.21,0.01,-0.00,0.98,1.00,0.00,0.00,0.00,
43398.00,37.06,36.00,86139.89,0.30,-0.24,-3.89,8.53,24.50,-1.31,0.00,5.69,47.06,-10.19,-0.19,-0.31,0.62,-0.22,-4.07,8.91,-0.01,0.14,-0.36,-0.21,0.01,-0.00,0.98,1.00,0.00,0.00,0.00,
43415.00,37.06,36.00,86144.70,-0.17,-0.24,-3.95,8.58,24.50,-1.31,0.00,5.69,47.06,-10.19,-0.25,-0.38,0.69,-0.22,-4.07,8.91,-0.01,0.11,-0.33,-0.21,0.01,-0.00,0.98,1.00,0.00,0.00,0.00,
43430.00,37.06,36.00,86144.70,-0.17,-0.22,-3.95,8.60,24.50,-1.31,0.00,5.69,47.06,-10.19,0.00,-0.19,0.69,-0.22,-4.07,8.91,0.01,0.14,-0.16,-0.21,0.01,-0.00,0.98,1.00,0.00,0.00,0.00,
43448.00,37.06,36.00,86147.45,-0.44,-0.21,-3.91,8.77,24.50,-1.31,0.00,5.69,47.88,-9.75,-0.12,-0.19,1.06,-0.22,-4.06,8.92,0.00,0.11,-0.16,-0.21,0.01,-0.00,0.98,1.00,0.00,0.00,0.00,
43465.00,37.06,36.00,86139.22,0.36,-0.17,-3.96,8.70,24.50,-1.31,0.00,5.69,47.88,-9.75,-0.19,-0.06,1.06,-0.22,-4.06,8.92,0.04,0.09,-0.21,-0.21,0.01,-0.00,0.98,1.00,0.00,0.00,0.00,
43480.00,37.05,36.00,86141.27,0.16,-0.21,-3.92,8.70,24.44,-1.31,0.00,5.69,47.88,-9.75,-0.19,0.00,0.44,-0.22,-4.06,8.92,0.00,0.12,-0.29,-0.21,0.01,-0.00,0.98,1.00,0.00,0.00,0.00,
43498.00,37.06,36.00,86141.97,0.09,-0.20,-3.96,8.60,24.44,-1.31,0.00,4.88,47.88,-9.38,-0.12,0.00,-0.38,-0.22,-4.06,8.92,0.02,0.09,-0.33,-0.21,0.01,-0.00,0.98,1.00,0.00,0.00,0.00,
43515.00,37.05,36.00,86144.02,-0.11,-0.19,-3.95,8.65,24.50,-1.31,0.00,4.88,47.88,-9.38,0.12,-0.12,-0.69,-0.22,-4.06,8.92,0.03,0.11,-0.26,-0.21,0.01,-0.00,0.98,1.00,0.00,0.00,0.00,
43530.00,37.06,36.00,86144.70,-0.17,-0.19,-3.97,8.74,24.50,-1.31,0.00,4.88,47.88,-9.38,0.19,0.19,-0.81,-0.22,-4.06,8.91,0.03,0.09,-0.17,-0.21,0.01,-0.00,0.98,1.00,0.00,0.00,0.00,
43548.00,37.06,36.00,86139.89,0.30,-0.22,-3.92,8.71,24.50,-1.31,0.00,5.69,48.56,-9.00,0.19,0.56,-1.06,-0.22,-4.07,8.91,-0.03,0.13,-0.28,-0.21,0.01,-0.00,0.98,1.00,0.00,0.00,0.00,
43565.00,37.07,36.00,86140.56,0.23,-0.26,-3.96,8.57,24.50,-1.31,0.00,5.69,48.56,-9.00,0.31,0.75,-1.06,-0.22,-4.07,8.91,-0.03,0.10,-0.34,-0.21,0.01,-0.00,0.98,1.00,0.00,0.00,0.00,
43581.00,37.05,36.00,86141.27,0.16,-0.25,-3.94,8.62,24.56,-1.31,0.00,5.69,48.56,-9.00,0.25,0.50,-0.88,-0.22,-4.07,8.91,-0.03,0.13,-0.29,-0.21,0.01,-0.00,0.98,1.00,0.00,0.00,0.00,
43598.00,37.06,36.00,86145.38,-0.24,-0.23,-3.94,8.60,24.56,-1.31,0.00,5.25,48.25,-10.19,0.06,0.06,0.00,-0.22,-4.07,8.91,0.02,0.14,-0.37,-0.21,0.01,-0.00,0.98,1.00,0.00,0.00,0.00,
43615.00,37.06,36.00,86144.70,-0.17,-0.19,-3.87,8.55,24.56,-1.31,0.00,5.25,48.25,-10.19,-0.31,0.06,0.31,-0.22,-4.07,8.91,0.03,0.19,-0.35,-0.21,0.01,-0.00,0.98,1.00,0.00,0.00,0.00,
43631.00,37.05,36.00,86138.53,0.43,-0.21,-3.91,8.61,24.56,-1.31,0.00,5.25,48.25,-10.19,-0.25,-0.25,0.50,-0.22,-4.07,8.91,0.01,0.15,-0.29,-0.21,0.01,-0.00,0.98,1.00,0.00,0.00,0.00,
43648.00,37.05,36.00,86141.27,0.16,-0.22,-3.91,8.63,24.56,-1.31,0.00,5.69,48.25,-9.75,0.12,-0.06,0.69,-0.22,-4.07,8.91,0.00,0.14,-0.20,-0.21,0.01,-0.00,0.98,1.00,0.00,0.00,0.00,
43665.00,37.05,36.00,86138.53,0.43,-0.23,-3.88,8.63,24.50,-1.31,0.00,5.69,48.25,-9.75,0.19,0.25,0.56,-0.22,-4.07,8.91,-0.01,0.18,-0.28,-0.21,0.01,-0.00,0.98,1.00,0.00,0.00,0.00,
43681.00,37.05,36.00,86141.27,0.16,-0.23,-3.91,8.60,24.50,-1.31,0.00,5.69,48.25,-9.75,0.19,0.25,-0.25,-0.22,-4.07,8.91,0.00,0.16,-0.31,-0.21,0.01,-0.00,0.98,1.00,0.00,0.00,0.00,
43698.00,37.06,36.00,86136.48,0.63,-0.32,-3.99,8.59,24.50,-1.31,0.00,5.69,48.25,-9.00,-0.06,-0.44,-0.25,-0.22,-4.07,8.91,-0.06,0.08,-0.21,-0.21,0.01,-0.00,0.98,1.00,0.00,0.00,0.00,
43716.00,37.05,36.00,86144.02,-0.11,-0.21,-3.93,8.73,24.56,-1.31,0.00,5.69,48.25,-9.00,0.06,-0.31,-0.75,-0.22,-4.07,8.91,0.01,0.14,-0.18,-0.21,0.01,-0.00,0.98,1.00,0.00,0.00,0.00,
43731.00,37.06,36.00,86141.97,0.09,-0.18,-3.98,8.66,24.56,-1.31,0.00,5.69,48.25,-9.00,-0.19,-0.38,-1.00,-0.22,-4.07,8.91,0.04,0.09,-0.25,-0.21,0.01,-0.00,0.98,1.00,0.00,0.00,0.00,
43748.00,37.05,36.00,86146.75,-0.38,-0.19,-3.98,8.59,24.56,-1.31,0.00,5.25,48.25,-9.75,-0.06,-0.19,-0.38,-0.22,-4.08,8.91,0.04,0.11,-0.35,-0.21,0.01,-0.00,0.98,1.00,0.00,0.00,0.00,
43765.00,37.05,36.00,86141.27,0.16,-0.20,-3.91,8.60,24.56,-1.31,0.00,5.25,48.25,-9.75,0.00,-0.38,-0.25,-0.22,-4.08,8.91,0.02,0.16,-0.30,-0.21,0.01,-0.00,0.98,1.00,0.00,0.00,0.00,
43781.00,37.06,36.00,86145.38,-0.24,-0.23,-3.96,8.69,24.56,-1.31,0.00,5.25,48.25,-9.75,0.00,-0.06,-0.62,-0.22,-4.08,8.91,-0.01,0.11,-0.21,-0.21,0.01,-0.00,0.98,1.00,0.00,0.00,0.00,
43798.00,37.05,36.00,86144.02,-0.11,-0.25,-3.97,8.71,24.56,-1.31,0.00,4.88,47.88,-10.19,0.12,0.31,-0.44,-0.22,-4.08,8.91,-0.02,0.12,-0.27,-0.21,0.01,-0.00,0.98,1.00,0.00,0.00,0.00,
43816.00,37.05,36.00,86144.02,-0.11,-0.22,-3.94,8.61,24.56,-1.31,0.00,4.88,47.88,-10.19,0.19,-0.06,-0.19,-0.22,-4.08,8.91,0.00,0.13,-0.29,-0.21,0.01,-0.00,0.98,1.00,0.00,0.00,0.00,
43831.00,37.05,36.00,86146.75,-0.38,-0.22,-3.96,8.59,24.56,-1.31,0.00,4.88,47.88,-10.19,-0.19,-0.12,0.00,-0.22,-4.08,8.91,0.00,0.12,-0.32,-0.21,0.01,-0.00,0.98,1.00,0.00,0.00,0.00,
43849.00,37.05,36.00,86144.02,-0.11,-0.23,-3.96,8.65,24.56,-1.31,0.00,4.56,48.56,-9.75,-0.06,-0.31,-0.50,-0.22,-4.08,8.91,0.00,0.11,-0.22,-0.21,0.01,-0.00,0.98,1.00,0.00,0.00,0.00,
43867.00,37.05,36.00,86146.09,-0.31,-0.22,-3.96,8.66,24.56,-1.31,0.00,4.56,48.56,-9.75,-0.06,-0.19,-0.25,-0.22,-4.08,8.91,0.00,0.11,-0.25,-0.21,0.01,-0.00,0.98,1.00,0.00,0.00,0.00,
43882.00,37.05,36.00,86141.27,0.16,-0.24,-3.92,8.61,24.56,-1.31,0.00,4.56,48.56,-9.75,0.12,-0.12,-0.12,-0.22,-4.08,8.91,-0.01,0.15,-0.29,-0.21,0.01,-0.00,0.98,1.00,0.00,0.00,0.00,
43899.00,37.05,36.00,86138.53,0.43,-0.20,-3.95,8.62,24.56,-1.31,0.00,5.69,48.25,-9.38,0.12,-0.06,0.00,-0.22,-4.08,8.91,0.05,0.15,-0.26,-0.21,0.01,-0.00,0.98,1.00,0.00,0.00,0.00,
43917.00,37.06,36.00,86139.22,0.36,-0.17,-3.93,8.61,24.56,-1.31,0.00,5.69,48.25,-9.38,0.00,0.25,0.12,-0.22,-4.08,8.91,0.00,0.12,-0.27,-0.21,0.01,-0.00,0.98,1.00,0.00,0.00,0.00,
43932.00,37.06,36.00,86139.22,0.36,-0.24,-3.98,8.65,24.56,-1.31,0.00,5.69,48.25,-9.38,0.00,0.06,0.38,-0.22,-4.08,8.91,-0.02,0.09,-0.25,-0.21,0.01,-0.00,0.98,1.00,0.00,0.00,0.00,
43949.00,37.05,36.00,86140.60,0.23,-0.26,-4.03,8.66,24.56,-1.31,0.00,4.88,47.88,-9.75,0.12,0.06,0.25,-0.22,-4.08,8.91,-0.02,0.14,-0.23,-0.21,0.01,-0.00,0.98,1.00,0.00,0.00,0.00,
43967.00,37.06,36.00,86141.97,0.09,-0.27,-3.98,8.66,24.56,-1.31,0.00,4.88,47.88,-9.75,0.12,0.31,-0.25,-0.22,-4.08,8.91,-0.04,0.09,-0.25,-0.21,0.01,-0.00,0.98,1.00,0.00,0.00,0.00,
43982.00,37.06,36.00,86147.45,-0.44,-0.22,-3.95,8.68,24.56,-1.31,0.00,4.88,47.88,-9.75,-0.12,0.12,-0.75,-0.22,-4.08,8.91,0.00,0.12,-0.22,-0.21,0.01,-0.00,0.98,1.00,0.00,0.00,0.00,
43999.00,37.05,36.00,86138.53,0.43,-0.21,-3.89,8.58,24.56,-1.31,0.00,6.06,49.00,-9.38,0.06,0.06,-0.19,-0.22,-4.08,8.91,0.02,0.20,-0.42,-0.21,0.01,-0.00,0.98,1.00,0.00,0.00,0.00,
44018.00,37.05,36.00,86140.60,0.23,-0.19,-3.82,8.37,24.56,-1.31,0.00,6.06,49.00,-9.38,-0.12,-0.25,-0.06,-0.22,-4.08,8.91,0.04,0.19,-0.34,-0.21,0.01,-0.00,0.98,1.00,0.00,0.00,0.00,
44032.00,37.05,36.00,86138.53,-0.11,-0.26,-3.97,8.68,24.56,-1.31,0.00,6.06,49.00,-9.38,-0.12,-0.19,0.81,-0.22,-4.08,8.91,-0.03,0.10,-0.23,-0.21,0.01,-0.00,0.98,1.00,0.00,0.00,0.00,
44049.00,37.05,36.00,86137.86,0.50,-0.23,-3.83,8.74,24.56,-1.31,0.00,5.69,48.25,-10.56,-0.12,-0.06,0.25,-0.22,-4.08,8.91,-0.01,0.09,-0.20,-0.21,0.01,-0.00,0.98,1.00,0.00,0.00,0.00,
44068.00,37.05,36.00,86144.02,-0.11,-0.25,-4.00,8.70,24.56,-1.31,0.00,5.69,48.25,-10.56,-0.12,0.19,0.31,-0.22,-4.08,8.91,-0.02,0.03,-0.32,-0.21,0.01,-0.00,0.98,1.00,0.00,0.00,0.00,
44082.00,37.04,36.00,86142.67,0.02,-0.24,-3.98,8.60,24.56,-1.31,0.00,5.69,48.25,-10.56,-0.12,-0.06,0.88,-0.22,-4.08,8.91,-0.01,0.09,-0.30,-0.21,0.01,-0.00,0.98,1.00,0.00,0.00,0.00,
44100.00,37.05,36.00,86146.75,-0.38,-0.21,-3.87,8.72,24.56,-1.31,0.00,5.69,47.88,-10.25,-0.19,-0.06,1.00,-0.22,-4.07,8.91,-0.02,0.09,0.04,-0.21,0.01,-0.00,0.98,1.00,0.00,0.00,0.00,
44118.00,37.05,36.00,86144.02,-0.11,-0.24,-4.05,8.91,24.56,-1.31,0.00,5.69,47.88,-10.25,-0.25,0.06,0.44,-0.22,-4.07,8.91,0.00,0.02,-0.05,-0.21,0.01,-0.00,0.98,1.00,0.00,0.00,0.00,
44132.00,37.05,36.00,86141.27,0.16,-0.19,-3.98,8.81,24.56,-1.31,0.00,5.69,47.88,-10.25,-0.06,0.06,0.44,-0.22,-4.07,8.91,0.03,0.09,-0.09,-0.21,0.01,-0.00,0.98,1.00,0.00,0.00,0.00,
44150.00,37.05,36.00,86143.34,-0.04,-0.20,-4.02,8.80,24.56,-1.31,0.00,5.25,48.25,-7.38,0.06,-0.12,0.25,-0.22,-4.07,8.91,0.02,0.01,-0.08,-0.21,0.01,-0.00,0.98,1.00,0.00,0.00,0.00,
44168.00,37.05,36.00,86140.60,0.23,-0.21,-4.10,8.84,24.56,-1.31,0.00,5.25,48.25,-7.38,0.00,-0.25,0.00,-0.22,-4.07,8.91,0.01,-0.02,-0.07,-0.21,0.01,-0.00,0.98,1.00,0.00,0.00,0.00,
44182.00,37.04,36.00,86150.91,-0.78,-0.24,-4.06,8.99,24.56,-1.31,0.00,5.25,48.25,-7.38,0.06,-0.31,-0.81,-0.22,-4.07,8.91,-0.02,0.00,0.08,-0.21,0.01,-0.00,0.98,1.00,0.00,0.00,0.00,
44200.00,37.05,36.00,86146.75,-0.38,-0.24,-4.11,8.97,24.56,-1.31,0.00,4.88,47.88,-9.38,0.25,0.19,-1.31,-0.22,-4.08,8.91,0.00,0.03,0.02,-0.21,0.01,-0.00,0.98,1.00,0.00,0.00,0.00,
44217.00,37.05,36.00,86141.27,0.16,-0.24,-4.06,8.86,24.56,-1.31,0.00,4.88,47.88,-9.38,0.19,0.19,-1.00,-0.22,-4.08,8.91,-0.01,0.01,-0.04,-0.21,0.01,-0.00,0.98,1.00,0.00,0.00,0.00,
44232.00,37.05,36.00,86143.34,-0.04,-0.22,-4.02,8.84,24.56,-1.31,0.00,4.88,47.88,-9.38,0.12,-0.12,-0.44,-0.22,-4.08,8.91,0.00,0.05,-0.07,-0.21,0.01,-0.00,0.98,1.00,0.00,0.00,0.00,
44250.00,37.05,36.00,86146.09,-0.31,-0.21,-4.00,8.87,24.56,-1.31,0.00,5.25,48.56,-9.00,-0.19,0.00,-0.19,-0.22,-4.08,8.91,-0.01,0.03,-0.09,-0.21,0.01,-0.00,0.98,1.00,0.00,0.00,0.00,
44269.00,37.05,36.00,86149.50,-0.64,-0.23,-4.05,8.85,24.56,-1.31,0.00,5.25,48.56,-9.00,-0.06,-0.06,-0.19,-0.22,-4.08,8.91,0.00,0.03,-0.02,-0.21,0.01,-0.00,0.98,1.00,0.00,0.00,0.00,
44283.00,37.05,36.00,86144.02,-0.11,-0.22,-4.05,8.87,24.56,-1.31,0.00,5.25,48.56,-9.00,0.06,-0.12,-0.38,-0.22,-4.08,8.91,0.00,0.03,-0.03,-0.21,0.01,-0.00,0.98,1.00,0.00,0.00,0.00,
44301.00,37.05,36.00,86144.02,-0.11,-0.24,-4.08,9.01,24.62,-1.31,0.00,4.88,48.25,-10.56,0.12,0.00,-1.44,-0.22,-4.08,8.91,-0.01,0.01,0.07,-0.21,0.01,-0.00,0.98,1.00,0.00,0.00,0.00,
44318.00,37.05,36.00,86141.27,0.16,-0.24,-4.08,8.99,24.62,-1.31,0.00,4.88,48.25,-10.56,0.25,0.25,-1.75,-0.22,-4.09,8.90,-0.02,0.01,0.06,-0.21,0.01,-0.00,0.98,1.00,0.00,0.00,0.00,
44333.00,37.05,36.00,86152.23,-0.91,-0.22,-4.08,8.87,24.69,-1.31,0.00,4.88,48.25,-10.56,0.56,0.25,-1.81,-0.22,-4.09,8.90,0.00,0.00,-0.02,-0.21,0.01,-0.00,0.98,1.00,0.00,0.00,0.00,
44348.00,37.05,36.00,86143.34,-0.04,-0.20,-4.06,8.82,24.69,-1.31,0.00,4.88,48.25,-9.38,0.44,0.44,-1.44,-0.22,-4.09,8.90,0.02,0.01,-0.10,-0.21,0.01,-0.00,0.98,1.00,0.00,0.00,0.00,
44365.00,37.05,36.00,86137.86,0.50,-0.24,-4.06,8.77,24.69,-1.31,0.00,4.88,48.25,-9.38,-0.06,0.19,-0.38,-0.22,-4.09,8.90,-0.01,0.03,-0.12,-0.21,0.01,-0.00,0.98,1.00,0.00,0.00,0.00,
44382.00,37.04,36.00,86142.67,0.02,-0.26,-4.03,8.80,24.69,-1.31,0.00,4.88,48.25,-9.38,-0.12,-0.19,-0.06,-0.22,-4.09,8.90,-0.03,0.02,-0.03,-0.21,0.01,-0.00,0.98,1.00,0.00,0.00,0.00,
44400.00,37.06,36.00,86144.70,-0.17,-0.26,-4.09,8.84,24.69,-1.31,0.00,3.00,29.50,-5.25,-0.19,-0.25,0.62,-0.22,-4.09,8.90,0.00,0.04,-0.07,-0.21,0.01,-0.00,0.98,1.00,0.00,0.00,0.00,
44417.00,37.04,36.00,86142.67,0.02,-0.25,-4.08,8.83,24.69,-1.31,0.00,3.00,29.50,-5.25,-0.19,-0.38,1.06,-0.22,-4.09,8.90,-0.02,0.01,-0.07,-0.21,0.01,-0.00,0.98,1.00,0.00,0.00,0.00,
44433.00,37.05,36.00,86144.02,-0.11,-0.25,-4.07,8.93,24.62,-1.31,0.00,3.00,29.50,-5.25,-0.31,-0.19,1.56,-0.22,-4.09,8.90,-0.02,0.01,0.02,-0.21,0.01,-0.00,0.98,1.00,0.00,0.00,0.00,
44447.00,37.04,36.00,86137.19,0.56,-0.23,-4.01,8.96,24.62,-1.31,0.00,3.75,28.25,-4.88,-0.31,-0.12,1.31,-0.22,-4.09,8.90,-0.01,0.07,0.05,-0.21,0.01,-0.00,0.98,1.00,0.00,0.00,0.00,
44464.00,37.04,36.00,86148.16,-0.51,-0.20,-3.97,8.89,24.62,-1.31,0.00,3.75,28.25,-4.88,-0.25,-0.06,0.69,-0.22,-4.08,8.91,0.00,-0.06,-0.12,-0.21,0.01,-0.00,0.98,1.00,0.00,0.00,0.00,
44482.00,37.04,36.00,86145.42,-0.24,-0.16,-4.13,8.94,24.62,-1.31,0.00,3.75,28.25,-4.88,0.19,0.12,0.00,-0.22,-4.08,8.91,0.02,0.00,0.01,-0.21,0.01,-0.00,0.98,1.00,0.00,0.00,0.00,
44499.00,37.05,36.00,86144.02,-0.11,-0.20,-3.87,9.06,24.62,-1.31,0.00,3.56,29.75,-6.56,0.12,-0.19,0.00,-0.22,-4.08,8.91,-0.03,0.00,0.05,-0.21,0.01,-0.00,0.98,1.00,0.00,0.00,0.00,
44516.00,37.05,36.00,86144.02,-0.11,-0.23,-4.13,8.99,24.62,-1.31,0.00,3.56,29.75,-6.56,-0.06,0.31,-0.94,-0.22,-4.08,8.91,0.00,-0.04,0.08,-0.21,0.01,-0.00,0.98,1.00,0.00,0.00,0.00,
44532.00,37.05,36.00,86141.27,0.16,-0.21,-4.08,8.93,24.62,-1.31,0.00,3.56,29.75,-6.56,0.38,0.25,-1.12,-0.22,-4.09,8.90,0.00,0.10,-0.09,-0.21,0.01,-0.00,0.98,1.00,0.00,0.00,0.00,
44549.00,37.05,36.00,86144.02,-0.11,-0.22,-3.98,8.83,24.62,-1.31,0.00,3.19,29.50,-6.19,0.12,0.31,-1.06,-0.22,-4.09,8.90,-0.06,0.09,-0.14,-0.21,0.01,-0.00,0.98,1.00,0.00,0.00,0.00,
44566.00,37.05,36.00,86144.02,-0.38,-0.27,-4.08,8.71,24.69,-1.31,0.00,3.19,29.50,-6.19,0.00,-0.06,-1.06,-0.22,-4.09,8.90,-0.04,0.01,-0.19,-0.21,0.01,-0.00,0.98,1.00,0.00,0.00,0.00,
44582.00,37.05,36.00,86143.34,-0.04,-0.24,-4.06,8.80,24.69,-1.31,0.00,3.19,29.50,-6.19,0.00,-0.25,-0.94,-0.22,-4.10,8.90,-0.01,0.12,-0.08,-0.21,0.01,-0.00,0.98,1.00,0.00,0.00,0.00,
44600.00,37.04,36.00,86139.94,0.29,-0.23,-4.11,8.91,24.69,-1.31,0.00,2.75,28.00,-5.75,0.00,-0.31,-0.62,-0.22,-4.10,8.90,0.03,0.03,0.01,-0.21,0.01,-0.00,0.98,1.00,0.00,0.00,0.00,
44617.00,37.04,36.00,86139.94,0.29,-0.18,-4.10,8.87,24.69,-1.31,0.00,2.75,28.00,-5.75,-0.06,0.00,-0.06,-0.22,-4.10,8.90,0.04,0.00,-0.02,-0.21,0.01,-0.00,0.98,1.00,0.00,0.00,0.00,
44633.00,37.05,36.00,86138.53,0.43,-0.19,-4.13,8.89,24.69,-1.31,0.00,2.75,28.00,-5.75,-0.12,0.06,0.44,-0.22,-4.10,8.90,0.00,0.02,0.07,-0.21,0.01,-0.00,0.98,1.00,0.00,0.00,0.00,
44651.00,37.04,36.00,86137.19,0.56,-0.24,-4.06,8.99,24.69,-1.31,0.00,3.19,29.06,-6.69,-0.12,0.06,-0.38,-0.22,-4.10,8.90,-0.03,0.01,0.05,-0.21,0.01,-0.00,0.98,1.00,0.00,0.00,0.00,
44668.00,37.04,36.00,86145.42,-0.24,-0.25,-4.07,8.88,24.69,-1.31,0.00,3.19,29.06,-6.69,-0.12,0.06,-1.00,-0.22,-4.10,8.90,-0.02,0.02,-0.02,-0.21,0.01,-0.00,0.98,1.00,0.00,0.00,0.00,
44684.00,37.05,36.00,86140.60,0.23,-0.21,-4.07,8.82,24.75,-1.31,0.00,3.19,29.06,-6.69,0.19,0.06,-1.38,-0.22,-4.10,8.90,0.01,0.03,-0.07,-0.21,0.01,-0.00,0.98,1.00,0.00,0.00,0.00,
44698.00,37.05,36.00,86146.75,-0.38,-0.22,-4.06,8.80,24.75,-1.31,0.00,2.50,29.75,-5.75,0.25,0.12,-1.62,-0.22,-4.10,8.90,0.00,0.04,-0.09,-0.21,0.01,-0.00,0.98,1.00,0.00,0.00,0.00,
44713.00,37.05,36.00,86146.09,-0.31,-0.21,-4.05,8.81,24.81,-1.31,0.00,2.50,29.75,-5.75,0.25,0.00,-1.69,-0.22,-4.11,8.89,0.00,0.01,-0.04,-0.21,0.01,-0.00,0.98,1.00,0.00,0.00,0.00,
44733.00,37.05,36.00,86137.86,0.50,-0.23,-4.10,8.89,24.81,-1.31,0.00,2.50,29.75,-5.75,0.25,-0.12,-1.56,-0.22,-4.11,8.89,0.00,0.00,0.02,-0.22,0.01,-0.00,0.98,1.00,0.00,0.00,0.00,
44747.00,37.05,36.00,86146.75,-0.38,-0.22,-4.10,8.88,24.81,-1.31,0.00,3.25,29.56,-7.00,0.31,0.25,-1.31,-0.22,-4.12,8.89,0.00,0.02,-0.01,-0.22,0.01,-0.00,0.98,1.00,0.00,0.00,0.00,
44765.00,37.05,36.00,86148.83,-0.58,-0.23,-4.10,8.92,24.88,-1.31,0.00,3.25,29.56,-7.00,0.19,0.19,-0.69,-0.22,-4.12,8.89,-0.02,0.04,-0.03,-0.22,0.01,-0.00,0.98,1.00,0.00,0.00,0.00,
44782.00,37.04,36.00,86137.19,0.56,-0.29,-4.07,8.87,24.88,-1.31,0.00,3.25,29.56,-7.00,-0.19,0.12,-0.19,-0.22,-4.12,8.89,-0.04,0.06,-0.07,-0.22,0.01,-0.00,0.98,1.00,0.00,0.00,0.00,
44799.00,37.04,36.00,86142.67,0.02,-0.27,-4.10,8.79,24.88,-1.31,0.00,2.88,28.38,-6.50,-0.06,0.06,-0.06,-0.22,-4.12,8.89,-0.03,0.01,-0.08,-0.22,0.01,-0.00,0.98,1.00,0.00,0.00,0.00,
44818.00,37.05,36.00,86148.83,-0.58,-0.24,-4.09,8.76,24.88,-1.31,0.00,2.88,28.38,-6.50,0.06,-0.06,-0.06,-0.22,-4.12,8.89,-0.01,0.03,-0.12,-0.22,0.01,-0.00,0.98,1.00,0.00,0.00,0.00,
44834.00,37.05,36.00,86144.02,-0.11,-0.24,-4.10,8.90,24.88,-1.31,0.00,2.88,28.38,-6.50,0.06,-0.19,-0.25,-0.22,-4.12,8.89,0.00,0.02,0.06,-0.22,0.01,-0.00,0.98,1.00,0.00,0.00,0.00,
44851.00,37.04,36.00,86142.67,0.29,-0.23,-4.14,8.94,24.88,-1.31,0.00,3.25,29.50,-5.56,0.06,0.06,-0.06,-0.22,-4.12,8.89,-0.02,0.06,0.00,-0.22,0.01,-0.00,0.98,1.00,0.00,0.00,0.00,
44870.00,37.05,36.00,86144.02,0.16,-0.26,-4.06,8.84,24.88,-1.31,0.00,3.25,29.50,-5.56,0.06,0.06,0.25,-0.22,-4.12,8.89,-0.03,0.05,-0.05,-0.22,0.01,-0.00,0.98,1.00,0.00,0.00,0.00,
44884.00,37.05,36.00,86137.86,0.50,-0.23,-4.09,8.75,24.81,-1.31,0.00,3.25,29.50,-5.56,-0.12,0.06,1.12,-0.22,-4.12,8.89,0.00,0.02,-0.14,-0.22,0.01,-0.00,0.98,1.00,0.00,0.00,0.00,
44899.00,37.05,36.00,86143.34,-0.04,-0.26,-4.07,8.80,24.81,-1.31,0.00,3.25,29.19,-5.56,-0.31,-0.19,1.44,-0.22,-4.11,8.89,-0.03,0.04,-0.09,-0.22,0.01,-0.00,0.98,1.00,0.00,0.00,0.00,
44916.00,37.05,36.00,86144.02,-0.11,-0.29,-4.06,8.91,24.81,-1.31,0.00,3.25,29.19,-5.56,-0.44,-0.38,1.25,-0.22,-4.11,8.89,-0.06,0.05,0.01,-0.21,0.01,-0.00,0.98,1.00,0.00,0.00,0.00,
44933.00,37.05,36.00,86141.27,0.16,-0.21,-4.10,8.96,24.75,-1.31,0.00,3.25,29.19,-5.56,-0.12,0.00,0.56,-0.22,-4.11,8.89,0.04,-0.02,-0.02,-0.21,0.01,-0.00,0.98,1.00,0.00,0.00,0.00,
44950.00,37.05,36.00,86144.02,-0.11,-0.11,-4.12,8.89,24.75,-1.31,0.00,2.88,29.50,-5.69,-0.06,-0.12,0.31,-0.22,-4.11,8.89,0.07,0.01,0.03,-0.21,0.01,-0.00,0.98,1.00,0.00,0.00,0.00,
44968.00,37.05,36.00,86144.02,-0.11,-0.21,-4.05,8.95,24.75,-1.31,0.00,2.88,29.50,-5.69,0.00,0.06,-0.12,-0.22,-4.11,8.89,0.01,0.06,0.05,-0.21,0.01,-0.00,0.98,1.00,0.00,0.00,0.00,
44984.00,37.05,36.00,86144.02,-0.11,-0.24,-4.01,8.99,24.81,-1.31,0.00,2.88,29.50,-5.69,0.12,0.06,-1.00,-0.22,-4.11,8.89,-0.02,0.04,0.03,-0.21,0.01,-0.00,0.98,1.00,0.00,0.00,0.00,
44998.00,37.05,36.00,86144.02,-0.11,-0.27,-4.07,8.90,24.81,-1.31,0.00,3.25,28.38,-6.06,0.25,0.19,-1.50,-0.22,-4.11,8.89,-0.04,0.03,0.01,-0.21,0.01,-0.00,0.98,1.00,0.00,0.00,0.00,
45015.00,37.06,36.00,86144.70,-0.17,-0.23,-4.06,8.79,24.88,-1.31,0.00,3.25,28.38,-6.06,0.19,0.00,-2.44,-0.22,-4.12,8.89,0.00,-0.02,-0.09,-0.22,0.01,-0.00,0.98,1.00,0.00,0.00,0.00,
45033.00,37.05,36.00,86144.02,-0.11,-0.18,-4.19,8.85,24.88,-1.31,0.00,3.25,28.38,-6.06,0.56,0.00,-2.38,-0.22,-4.13,8.89,0.02,-0.07,0.06,-0.22,0.01,-0.00,0.98,1.00,0.00,0.00,0.00,
45048.00,37.05,36.00,86149.50,-0.11,-0.23,-4.02,9.06,24.94,-1.31,0.00,3.19,29.19,-5.56,0.62,0.19,-2.50,-0.22,-4.13,8.88,0.00,0.11,0.17,-0.22,0.01,-0.00,0.98,1.00,0.00,0.00,0.00,
45062.00,37.05,36.00,86135.11,0.77,-0.24,-4.02,8.96,24.94,-1.31,0.00,3.19,29.19,-5.56,0.06,0.56,-1.94,-0.22,-4.14,8.88,-0.02,0.10,-0.06,-0.22,0.01,-0.00,0.98,1.00,0.00,0.00,0.00,
45080.00,37.05,36.00,86138.53,0.43,-0.23,-4.02,8.68,25.00,-1.31,0.00,3.19,29.19,-5.56,-0.12,0.56,-1.06,-0.22,-4.14,8.88,-0.01,0.11,-0.20,-0.22,0.01,-0.00,0.98,1.00,0.00,0.00,0.00,
45099.00,37.06,36.00,86141.97,0.09,-0.26,-4.02,8.70,25.00,-1.31,0.00,3.56,28.75,-6.00,0.00,-0.56,0.00,-0.22,-4.14,8.88,-0.03,0.12,-0.18,-0.22,0.01,-0.00,0.98,1.00,0.00,0.00,0.00,
45116.00,37.05,36.00,86140.60,0.23,-0.28,-4.07,8.80,25.00,-1.31,0.00,3.56,28.75,-6.00,-0.25,-0.44,0.06,-0.22,-4.14,8.88,-0.03,0.00,0.06,-0.22,0.01,-0.00,0.98,1.00,0.00,0.00,0.00,
45133.00,37.05,36.00,86141.27,0.16,-0.24,-4.25,8.95,25.00,-1.31,0.00,3.56,28.75,-6.00,0.12,0.00,-0.06,-0.22,-4.14,8.88,0.00,-0.11,0.09,-0.22,0.01,-0.00,0.98,1.00,0.00,0.00,0.00,
45152.00,37.05,36.00,86138.53,0.43,-0.21,-4.23,9.03,25.00,-1.31,0.00,4.00,29.50,-5.19,0.12,0.25,-0.12,-0.22,-4.14,8.88,0.05,0.08,0.14,-0.22,0.01,-0.00,0.98,1.00,0.00,0.00,0.00,
45170.00,37.06,36.00,86139.89,0.30,-0.23,-4.07,8.90,25.00,-1.31,0.00,4.00,29.50,-5.19,0.00,0.44,-0.19,-0.22,-4.14,8.88,0.00,0.06,0.01,-0.22,0.01,-0.00,0.98,1.00,0.00,0.00,0.00,
45185.00,37.05,36.00,86146.09,-0.31,-0.24,-4.08,8.76,25.00,-1.31,0.00,4.00,29.50,-5.19,-0.06,0.06,0.19,-0.22,-4.14,8.88,-0.01,0.07,-0.11,-0.22,0.01,-0.00,0.98,1.00,0.00,0.00,0.00,
45203.00,37.04,36.00,86145.42,-0.24,-0.30,-4.02,8.67,25.00,-1.31,0.00,2.75,28.75,-5.19,-0.06,-0.31,-0.12,-0.22,-4.14,8.88,-0.08,0.13,-0.16,-0.22,0.01,-0.00,0.98,1.00,0.00,0.00,0.00,
45220.00,37.05,36.00,86141.27,0.16,-0.28,-4.14,8.86,25.00,-1.31,0.00,2.75,28.75,-5.19,-0.06,-0.31,-0.81,-0.22,-4.14,8.88,-0.05,0.00,-0.02,-0.22,0.01,-0.00,0.98,1.00,0.00,0.00,0.00,
45235.00,37.05,36.00,86144.02,0.43,-0.14,-4.04,8.96,25.00,-1.31,0.00,2.75,28.75,-5.19,0.31,0.19,-1.25,-0.22,-4.14,8.88,0.07,0.09,0.08,-0.22,0.01,-0.00,0.98,1.00,0.00,0.00,0.00,
45253.00,37.05,36.00,86135.11,0.77,-0.18,-4.01,8.87,25.00,-1.31,0.00,3.19,29.50,-6.00,0.06,0.12,-0.75,-0.22,-4.15,8.88,-0.05,0.09,-0.06,-0.22,0.01,-0.00,0.98,1.00,0.00,0.00,0.00,
45271.00,37.06,36.00,86136.48,0.63,-0.30,-4.14,8.79,25.00,-1.31,0.00,3.19,29.50,-6.00,0.00,0.06,-0.19,-0.22,-4.15,8.88,-0.07,0.00,-0.08,-0.22,0.01,-0.00,0.98,1.00,0.00,0.00,0.00,
45285.00,37.05,36.00,86138.53,0.43,-0.26,-4.13,8.77,25.00,-1.31,0.00,3.19,29.50,-6.00,-0.19,-0.06,0.88,-0.22,-4.15,8.88,-0.03,0.01,-0.10,-0.22,0.01,-0.00,0.98,1.00,0.00,0.00,0.00,
45303.00,37.05,36.00,86138.53,0.43,-0.26,-4.08,8.90,25.00,-1.31,0.00,3.19,30.00,-6.00,-0.31,-0.06,0.69,-0.22,-4.14,8.88,0.02,0.00,-0.03,-0.22,0.01,-0.00,0.98,1.00,0.00,0.00,0.00,
45320.00,37.05,36.00,86138.53,0.43,-0.19,-4.13,8.84,25.00,-1.31,0.00,3.19,30.00,-6.00,-0.25,-0.12,0.56,-0.22,-4.14,8.88,0.03,0.00,-0.04,-0.22,0.01,-0.00,0.98,1.00,0.00,0.00,0.00,
45336.00,37.05,36.00,86138.53,0.43,-0.22,-4.05,8.85,25.00,-1.31,0.00,3.19,30.00,-6.00,0.06,-0.25,0.62,-0.22,-4.14,8.88,0.00,0.08,-0.02,-0.22,0.01,-0.00,0.98,1.00,0.00,0.00,0.00,
45353.00,37.06,36.00,86141.97,0.36,-0.25,-4.08,8.93,25.00,-1.31,0.00,4.00,29.88,-5.19,-0.25,0.25,0.38,-0.22,-4.14,8.88,-0.06,0.02,-0.02,-0.22,0.01,-0.00,0.98,1.00,0.00,0.00,0.00,
45370.00,37.05,36.00,86133.05,0.97,-0.25,-4.10,8.81,25.00,-1.31,0.00,4.00,29.88,-5.19,-0.12,0.19,0.31,-0.22,-4.14,8.88,-0.03,0.04,-0.06,-0.22,0.01,-0.00,0.98,1.00,0.00,0.00,0.00,
45386.00,37.05,36.00,86141.27,0.16,-0.19,-4.09,8.89,25.00,-1.31,0.00,4.00,29.88,-5.19,0.06,-0.12,-0.25,-0.22,-4.14,8.88,0.03,0.05,0.01,-0.22,0.01,-0.00,0.98,1.00,0.00,0.00,0.00,
45403.00,37.06,36.00,86144.70,-0.17,-0.20,-4.08,8.97,25.00,-1.31,0.00,3.56,29.50,-6.50,0.12,-0.12,-0.44,-0.22,-4.14,8.88,0.01,0.09,0.13,-0.22,0.01,-0.00,0.98,1.00,0.00,0.00,0.00,
45421.00,37.05,36.00,86144.02,-0.11,-0.27,-4.13,8.92,25.00,-1.31,0.00,3.56,29.50,-6.50,-0.12,-0.06,-0.31,-0.22,-4.14,8.88,-0.04,0.01,0.04,-0.22,0.01,-0.00,0.98,1.00,0.00,0.00,0.00,
45436.00,37.05,36.00,86141.27,0.16,-0.26,-4.08,8.88,25.00,-1.31,0.00,3.56,29.50,-6.50,-0.19,0.19,-0.12,-0.22,-4.14,8.88,-0.03,0.06,0.00,-0.22,0.01,-0.00,0.98,1.00,0.00,0.00,0.00,
45453.00,37.05,36.00,86141.27,0.16,-0.26,-4.07,8.75,25.00,-1.31,0.00,2.75,29.50,-7.56,0.00,0.12,0.62,-0.22,-4.14,8.88,-0.04,0.07,-0.16,-0.22,0.01,-0.00,0.98,1.00,0.00,0.00,0.00,
45471.00,37.05,36.00,86140.60,0.23,-0.31,-4.10,8.65,24.94,-1.31,0.00,2.75,29.50,-7.56,-0.19,-0.19,1.00,-0.22,-4.14,8.88,-0.08,0.04,-0.23,-0.22,0.01,-0.00,0.98,1.00,0.00,0.00,0.00,
45486.00,37.04,36.00,86139.94,0.29,-0.24,-4.14,8.73,24.94,-1.31,0.00,2.75,29.50,-7.56,-0.25,-0.38,1.25,-0.22,-4.13,8.88,-0.02,0.00,-0.15,-0.22,0.01,-0.00,0.98,1.00,0.00,0.00,0.00,
45504.00,37.05,36.00,86144.02,-0.11,-0.18,-4.16,8.98,24.94,-1.31,0.00,3.56,29.19,-6.00,-0.25,-0.44,1.31,-0.22,-4.13,8.88,0.04,-0.01,0.12,-0.22,0.01,-0.00,0.98,1.00,0.00,0.00,0.00,
45521.00,37.04,36.00,86142.67,0.02,-0.21,-4.08,9.07,24.88,-1.31,0.00,3.56,29.19,-6.00,-0.44,-0.25,1.38,-0.22,-4.13,8.88,0.02,0.08,0.07,-0.22,0.01,-0.00,0.98,1.00,0.00,0.00,0.00,
45536.00,37.06,36.00,86139.89,0.30,-0.19,-4.05,8.85,24.88,-1.31,0.00,3.56,29.19,-6.00,-0.31,0.12,1.62,-0.22,-4.12,8.89,0.03,0.07,-0.03,-0.22,0.01,-0.00,0.98,1.00,0.00,0.00,0.00,
45551.00,37.05,36.00,86138.53,0.43,-0.25,-3.99,8.85,24.88,-1.31,0.00,2.75,30.00,-5.56,-0.31,0.12,1.62,-0.22,-4.12,8.89,-0.03,0.13,-0.03,-0.22,0.01,-0.00,0.98,1.00,0.00,0.00,0.00,
45568.00,37.05,36.00,86140.60,0.23,-0.26,-4.02,8.72,24.81,-1.31,0.00,2.75,30.00,-5.56,-0.12,-0.25,1.06,-0.22,-4.12,8.89,-0.07,0.00,-0.04,-0.22,0.01,-0.00,0.98,1.00,0.00,0.00,0.00,
45585.00,37.05,36.00,86140.60,0.23,-0.27,-4.06,8.85,24.81,-1.31,0.00,2.75,30.00,-5.56,0.06,0.06,0.19,-0.22,-4.12,8.89,-0.01,0.09,0.08,-0.22,0.01,-0.00,0.98,1.00,0.00,0.00,0.00,
45603.00,37.05,36.00,86137.86,0.50,-0.21,-4.07,8.96,24.81,-1.31,0.00,3.69,30.19,-6.06,0.12,0.00,-0.81,-0.22,-4.12,8.89,0.04,0.02,0.05,-0.22,0.01,-0.00,0.98,1.00,0.00,0.00,0.00,
45621.00,37.05,36.00,86135.78,0.70,-0.18,-4.10,8.96,24.88,-1.31,0.00,3.69,30.19,-6.06,0.25,0.12,-1.12,-0.22,-4.12,8.89,0.04,0.02,0.07,-0.22,0.01,-0.00,0.98,1.00,0.00,0.00,0.00,
45636.00,37.05,36.00,86148.83,-0.58,-0.28,-4.10,8.93,24.88,-1.31,0.00,3.69,30.19,-6.06,0.38,0.44,-1.00,-0.22,-4.12,8.89,-0.05,0.02,0.04,-0.22,0.01,-0.00,0.98,1.00,0.00,0.00,0.00,
45654.00,37.05,36.00,86144.02,-0.11,-0.30,-4.05,8.84,24.88,-1.31,0.00,3.69,29.06,-7.38,-0.12,0.19,-0.75,-0.22,-4.12,8.89,-0.04,0.05,-0.16,-0.22,0.01,-0.00,0.98,1.00,0.00,0.00,0.00,
45672.00,37.05,36.00,86143.34,-0.04,-0.22,-4.07,8.70,24.88,-1.31,0.00,3.69,29.06,-7.38,-0.06,-0.25,-0.81,-0.22,-4.13,8.89,0.00,0.05,-0.18,-0.22,0.01,-0.00,0.98,1.00,0.00,0.00,0.00,
45686.00,37.04,36.00,86139.94,0.29,-0.20,-4.05,8.88,24.88,-1.31,0.00,3.69,29.06,-7.38,0.12,-0.50,-0.56,-0.22,-4.13,8.89,0.02,0.07,0.00,-0.22,0.01,-0.00,0.98,1.00,0.00,0.00,0.00,
45704.00,37.05,36.00,86143.34,0.77,-0.21,-4.06,8.96,24.88,-1.31,0.00,3.25,29.06,-6.56,-0.12,-0.19,-0.62,-0.22,-4.13,8.89,0.00,0.02,0.03,-0.22,0.01,-0.00,0.98,1.00,0.00,0.00,0.00,
45722.00,37.04,36.00,86139.94,0.56,-0.22,-4.13,8.93,24.88,-1.31,0.00,3.25,29.06,-6.56,-0.12,0.00,-0.44,-0.22,-4.13,8.89,0.01,0.06,0.05,-0.22,0.01,-0.00,0.98,1.00,0.00,0.00,0.00,
45737.00,37.05,36.00,86137.86,0.50,-0.21,-4.11,8.98,24.88,-1.31,0.00,3.25,29.06,-6.56,0.00,0.31,0.38,-0.22,-4.13,8.89,0.01,0.01,0.09,-0.22,0.01,-0.00,0.98,1.00,0.00,0.00,0.00,
45751.00,37.04,36.00,86142.67,0.02,-0.24,-4.08,8.97,24.88,-1.31,0.00,2.56,29.06,-6.56,0.06,0.38,0.62,-0.22,-4.13,8.89,-0.02,0.04,0.08,-0.22,0.01,-0.00,0.98,1.00,0.00,0.00,0.00,
45769.00,37.04,36.00,86134.45,0.83,-0.27,-4.08,8.75,24.88,-1.31,0.00,2.56,29.06,-6.56,-0.06,0.38,0.69,-0.22,-4.12,8.89,-0.04,0.04,-0.13,-0.22,0.01,-0.00,0.98,1.00,0.00,0.00,0.00,
45785.00,37.06,36.00,86141.97,0.09,-0.25,-4.09,8.77,24.88,-1.31,0.00,2.56,29.06,-6.56,0.00,-0.06,0.69,-0.22,-4.12,8.89,-0.04,0.05,-0.10,-0.22,0.01,-0.00,0.98,1.00,0.00,0.00,0.00,
45803.00,37.05,36.00,86143.34,-0.04,-0.23,-3.96,8.74,24.88,-1.31,0.00,3.25,29.06,-7.69,-0.06,-0.19,0.44,-0.22,-4.12,8.89,-0.02,0.08,0.00,-0.22,0.01,-0.00,0.98,1.00,0.00,0.00,0.00,
45821.00,37.05,36.00,86143.34,-0.04,-0.20,-4.25,8.97,24.88,-1.31,0.00,3.25,29.06,-7.69,-0.19,-0.25,-0.38,-0.22,-4.12,8.89,0.02,-0.12,0.08,-0.22,0.01,-0.00,0.98,1.00,0.00,0.00,0.00,
45837.00,37.05,36.00,86135.11,0.77,-0.20,-4.08,9.04,24.88,-1.31,0.00,3.25,29.06,-7.69,0.50,0.38,-0.50,-0.22,-4.12,8.89,0.00,0.10,0.05,-0.22,0.01,-0.00,0.98,1.00,0.00,0.00,0.00,
45854.00,37.04,36.00,86139.94,0.29,-0.23,-3.93,8.87,24.88,-1.31,0.00,3.69,28.25,-5.25,0.00,0.62,-0.75,-0.23,-4.12,8.89,-0.02,0.05,-0.04,-0.22,0.01,-0.00,0.98,1.00,0.00,0.00,0.00,
45872.00,37.04,36.00,86145.42,-0.24,-0.26,-4.13,8.79,24.88,-1.31,0.00,3.69,28.25,-5.25,-0.12,0.19,-0.19,-0.23,-4.12,8.89,-0.03,0.00,-0.09,-0.22,0.01,-0.00,0.98,1.00,0.00,0.00,0.00,
45887.00,37.05,36.00,86146.09,-0.31,-0.28,-4.01,8.91,24.88,-1.31,0.00,3.69,28.25,-5.25,-0.06,-0.12,0.12,-0.23,-4.12,8.89,-0.05,0.11,0.02,-0.22,0.01,-0.00,0.98,1.00,0.00,0.00,0.00,
45904.00,37.05,36.00,86141.27,0.16,-0.28,-4.06,8.95,24.88,-1.31,0.00,2.88,28.25,-5.25,-0.19,0.06,-0.19,-0.23,-4.12,8.89,-0.01,0.08,0.02,-0.22,0.01,-0.00,0.98,1.00,0.00,0.00,0.00,
45923.00,37.05,36.00,86144.02,-0.11,-0.24,-4.07,8.75,24.88,-1.31,0.00,2.88,28.25,-5.25,-0.12,0.00,0.31,-0.23,-4.12,8.89,0.00,0.11,-0.17,-0.22,0.01,-0.00,0.98,1.00,0.00,0.00,0.00,
45937.00,37.05,36.00,86141.27,0.16,-0.20,-4.02,8.73,24.88,-1.31,0.00,2.88,28.25,-5.25,-0.06,0.12,-0.19,-0.23,-4.12,8.89,0.02,0.10,-0.16,-0.22,0.01,-0.00,0.98,1.00,0.00,0.00,0.00,
45955.00,37.05,36.00,86143.34,-0.04,-0.24,-4.21,8.94,24.88,-1.31,0.00,3.69,29.38,-5.25,0.19,-0.06,-0.12,-0.23,-4.12,8.89,-0.05,0.00,0.07,-0.22,0.01,-0.00,0.98,1.00,0.00,0.00,0.00,
45973.00,37.05,36.00,86138.53,0.43,-0.27,-3.96,8.95,24.88,-1.31,0.00,3.69,29.38,-5.25,0.31,0.00,-0.50,-0.23,-4.12,8.89,-0.04,0.16,0.05,-0.22,0.01,-0.00,0.98,1.00,0.00,0.00,0.00,
45987.00,37.05,36.00,86137.86,0.50,-0.23,-4.27,8.83,24.88,-1.31,0.00,3.69,29.38,-5.25,-0.12,0.38,-1.12,-0.23,-4.13,8.89,0.00,-0.14,-0.05,-0.22,0.01,-0.00,0.98,1.00,0.00,0.00,0.00,
46005.00,37.04,36.00,86137.19,0.29,-0.28,-4.22,8.84,24.94,-1.31,0.00,4.06,29.06,-6.88,0.06,-0.12,-0.12,-0.23,-4.13,8.88,-0.01,0.07,-0.02,-0.22,0.01,-0.00,0.98,1.00,0.00,0.00,0.00,
46022.00,37.05,36.00,86137.86,0.50,-0.24,-4.01,8.85,24.94,-1.31,0.00,4.06,29.06,-6.88,0.12,-0.25,-0.12,-0.23,-4.13,8.88,-0.01,0.11,-0.03,-0.22,0.01,-0.00,0.98,1.00,0.00,0.00,0.00,
46037.00,37.05,36.00,86141.27,0.16,-0.24,-4.05,8.77,24.94,-1.31,0.00,4.06,29.06,-6.88,-0.19,0.06,-0.25,-0.23,-4.13,8.88,-0.01,0.08,-0.11,-0.22,0.01,-0.00,0.98,1.00,0.00,0.00,0.00,
46074.00,37.05,36.00,86144.02,-0.11,-0.25,-4.02,8.89,24.94,-1.31,0.00,3.25,28.25,-6.06,0.00,-0.06,0.56,-0.23,-4.13,8.89,0.02,0.13,0.00,-0.22,0.01,-0.00,0.98,1.00,0.00,0.00,0.00,
46088.00,37.05,36.00,86140.60,0.23,-0.21,-4.01,8.89,24.88,-1.31,0.00,3.25,28.25,-6.06,-0.31,0.06,0.94,-0.23,-4.13,8.89,0.01,0.11,0.00,-0.22,0.01,-0.00,0.98,1.00,0.00,0.00,0.00,
46099.00,37.05,36.00,86146.75,0.43,-0.23,-4.09,8.92,24.88,-1.31,0.00,3.25,29.06,-7.38,-0.25,-0.12,1.44,-0.23,-4.12,8.89,0.00,0.03,0.03,-0.22,0.01,-0.00,0.98,1.00,0.00,0.00,0.00,
46117.00,37.05,36.00,86146.75,-0.38,-0.25,-4.11,8.91,24.88,-1.31,0.00,3.25,29.06,-7.38,-0.38,-0.06,1.88,-0.23,-4.12,8.89,-0.04,0.02,0.00,-0.22,0.01,-0.00,0.98,1.00,0.00,0.00,0.00,
46134.00,37.04,36.00,86145.42,-0.24,-0.22,-4.03,8.95,24.81,-1.31,0.00,3.25,29.06,-7.38,-0.38,-0.25,1.44,-0.23,-4.12,8.89,0.02,0.07,0.11,-0.22,0.01,-0.00,0.98,1.00,0.00,0.00,0.00,
46152.00,37.04,36.00,86142.00,0.09,-0.17,-4.09,9.01,24.81,-1.31,0.00,3.56,28.69,-4.75,-0.25,-0.06,0.44,-0.23,-4.12,8.89,0.05,0.02,0.11,-0.22,0.01,-0.00,0.98,1.00,0.00,0.00,0.00,
46169.00,37.04,36.00,86137.19,0.56,-0.27,-4.11,8.88,24.81,-1.31,0.00,3.56,28.69,-4.75,0.25,0.38,-1.31,-0.23,-4.12,8.89,-0.04,0.01,-0.01,-0.22,0.01,-0.00,0.98,1.00,0.00,0.00,0.00,
46186.00,37.04,36.00,86139.94,0.29,-0.29,-4.11,8.88,24.88,-1.31,0.00,3.56,28.69,-4.75,0.56,0.25,-2.69,-0.23,-4.12,8.89,-0.06,0.01,-0.01,-0.22,0.01,-0.00,0.98,1.00,0.00,0.00,0.00,
46200.00,37.03,36.00,86135.85,0.69,-0.27,-4.03,8.86,24.94,-1.31,0.00,3.56,28.25,-6.00,0.50,0.12,-2.69,-0.23,-4.13,8.88,-0.04,0.09,-0.02,-0.22,0.01,-0.00,0.98,1.00,0.00,0.00,0.00,
46218.00,37.04,36.00,86142.67,0.02,-0.24,-4.05,8.77,24.94,-1.31,0.00,3.56,28.25,-6.00,0.12,0.00,-1.50,-0.23,-4.13,8.88,0.00,0.07,-0.16,-0.22,0.01,-0.00,0.98,1.00,0.00,0.00,0.00,
46236.00,37.05,36.00,86143.34,-0.04,-0.27,-4.08,8.76,24.94,-1.31,0.00,3.56,28.25,-6.00,0.00,-0.25,-0.44,-0.23,-4.14,8.88,0.00,0.08,-0.02,-0.22,0.01,-0.00,0.98,1.00,0.00,0.00,0.00,
46253.00,37.04,36.00,86136.52,0.63,-0.26,-4.05,8.94,24.94,-1.31,0.00,3.19,28.25,-6.00,-0.06,-0.12,0.06,-0.23,-4.14,8.88,-0.03,0.08,0.05,-0.22,0.01,-0.00,0.98,1.00,0.00,0.00,0.00,
46271.00,37.04,36.00,86142.00,0.09,-0.24,-4.08,8.84,24.94,-1.31,0.00,3.19,28.25,-6.00,-0.12,-0.06,0.94,-0.23,-4.13,8.88,-0.01,0.05,-0.04,-0.22,0.01,-0.00,0.98,1.00,0.00,0.00,0.00,
46287.00,37.04,36.00,86142.67,0.02,-0.28,-4.06,8.75,24.94,-1.31,0.00,3.19,28.25,-6.00,-0.31,0.19,1.00,-0.23,-4.13,8.88,-0.07,0.09,-0.09,-0.22,0.01,-0.00,0.98,1.00,0.00,0.00,0.00,
46305.00,37.04,36.00,86137.19,0.56,-0.29,-4.07,8.84,24.94,-1.31,0.00,2.75,28.25,-6.00,-0.25,-0.56,0.44,-0.23,-4.13,8.88,-0.02,0.03,0.03,-0.22,0.01,-0.00,0.98,1.00,0.00,0.00,0.00,
46322.00,37.04,36.00,86139.27,0.36,-0.20,-4.10,9.00,24.94,-1.31,0.00,2.75,28.25,-6.00,-0.06,-0.44,0.38,-0.23,-4.13,8.88,0.02,0.03,0.11,-0.22,0.01,-0.00,0.98,1.00,0.00,0.00,0.00,
46338.00,37.04,36.00,86142.67,0.02,-0.18,-4.11,8.99,24.94,-1.31,0.00,2.75,28.25,-6.00,-0.06,0.00,0.25,-0.23,-4.13,8.88,0.02,0.01,0.08,-0.22,0.01,-0.00,0.98,1.00,0.00,0.00,0.00,
46356.00,37.04,36.00,86139.27,0.36,-0.20,-4.08,8.92,24.94,-1.31,0.00,4.00,28.69,-6.00,-0.06,0.31,-0.69,-0.23,-4.13,8.88,-0.02,0.03,0.07,-0.22,0.01,-0.00,0.98,1.00,0.00,0.00,0.00,
46373.00,37.04,36.00,86150.91,-0.78,-0.24,-4.10,8.91,24.94,-1.31,0.00,4.00,28.69,-6.00,0.00,0.38,-1.62,-0.23,-4.13,8.88,-0.01,0.03,0.02,-0.22,0.01,-0.00,0.98,1.00,0.00,0.00,0.00,
46388.00,37.04,36.00,86145.42,-0.24,-0.23,-4.03,8.79,25.00,-1.31,0.00,4.00,28.69,-6.00,0.25,0.25,-1.94,-0.23,-4.14,8.88,0.00,0.10,-0.09,-0.22,0.01,-0.00,0.98,1.00,0.00,0.00,0.00,
46403.00,37.04,36.00,86139.27,0.36,-0.23,-4.05,8.81,25.00,-1.31,0.00,3.19,28.69,-5.56,0.31,0.12,-1.69,-0.23,-4.14,8.88,0.00,0.08,-0.06,-0.22,0.01,-0.00,0.98,1.00,0.00,0.00,0.00,
46417.00,37.04,36.00,86145.42,-0.24,-0.24,-4.03,8.77,25.00,-1.31,0.00,3.19,28.69,-5.56,0.06,-0.06,-0.81,-0.23,-4.15,8.88,-0.05,0.10,-0.08,-0.22,0.01,-0.00,0.98,1.00,0.00,0.00,0.00,
46435.00,37.05,36.00,86143.34,-0.04,-0.26,-4.07,8.82,25.00,-1.31,0.00,3.19,28.69,-5.56,-0.12,0.06,-0.56,-0.23,-4.15,8.88,0.00,0.08,-0.05,-0.22,0.01,-0.00,0.98,1.00,0.00,0.00,0.00,
46453.00,37.04,36.00,86139.94,0.56,-0.24,-4.06,8.79,25.00,-1.31,0.00,3.56,29.06,-6.75,-0.19,0.00,0.25,-0.23,-4.15,8.88,-0.01,0.08,-0.08,-0.22,0.01,-0.00,0.98,1.00,0.00,0.00,0.00,
46470.00,37.04,36.00,86144.75,-0.18,-0.21,-4.09,8.78,25.00,-1.31,0.00,3.56,29.06,-6.75,-0.12,-0.06,0.81,-0.23,-4.14,8.88,0.02,0.02,-0.03,-0.22,0.01,-0.00,0.98,1.00,0.00,0.00,0.00,
46487.00,37.04,36.00,86142.67,0.02,-0.21,-4.09,8.92,25.00,-1.31,0.00,3.56,29.06,-6.75,-0.12,-0.31,0.88,-0.23,-4.14,8.88,-0.01,0.09,0.10,-0.22,0.01,-0.00,0.98,1.00,0.00,0.00,0.00,
46505.00,37.04,36.00,86142.67,0.02,-0.24,-4.07,9.00,25.00,-1.31,0.00,3.19,28.69,-7.25,-0.38,-0.06,0.94,-0.23,-4.14,8.88,-0.02,0.02,0.04,-0.22,0.01,-0.00,0.98,1.00,0.00,0.00,0.00,
46523.00,37.04,36.00,86142.67,0.02,-0.28,-4.11,8.84,25.00,-1.31,0.00,3.19,28.69,-7.25,-0.19,0.25,0.44,-0.23,-4.14,8.88,-0.05,0.03,-0.03,-0.22,0.01,-0.00,0.98,1.00,0.00,0.00,0.00,
46538.00,37.04,36.00,86134.45,0.83,-0.28,-4.12,8.80,25.00,-1.31,0.00,3.19,28.69,-7.25,0.25,-0.12,-0.56,-0.23,-4.14,8.88,-0.04,0.07,-0.02,-0.22,0.01,-0.00,0.98,1.00,0.00,0.00,0.00,
46557.00,37.04,36.00,86150.91,-0.78,-0.26,-4.10,8.93,25.00,-1.31,0.00,2.50,27.56,-6.75,0.19,-0.12,-1.50,-0.23,-4.14,8.88,-0.03,0.05,0.09,-0.22,0.01,-0.00,0.98,1.00,0.00,0.00,0.00,
46574.00,37.05,36.00,86151.57,0.77,-0.26,-4.09,8.91,25.00,-1.31,0.00,2.50,27.56,-6.75,0.06,-0.06,-1.50,-0.23,-4.15,8.88,-0.03,0.05,0.02,-0.22,0.01,-0.00,0.98,1.00,0.00,0.00,0.00,
46589.00,37.04,36.00,86139.94,0.56,-0.21,-4.09,8.81,25.06,-1.31,0.00,2.50,27.56,-6.75,0.12,0.12,-0.88,-0.23,-4.15,8.88,0.01,0.05,-0.06,-0.22,0.01,-0.00,0.98,1.00,0.00,0.00,0.00,
46607.00,37.04,36.00,86142.67,0.02,-0.20,-4.08,8.84,25.06,-1.31,0.00,3.19,29.06,-6.00,0.00,0.00,-0.38,-0.23,-4.15,8.88,0.00,0.08,-0.04,-0.22,0.01,-0.00,0.98,1.00,0.00,0.00,0.00,
46624.00,37.05,36.00,86141.27,0.16,-0.28,-4.04,8.86,25.06,-1.31,0.00,3.19,29.06,-6.00,0.06,0.19,-0.12,-0.23,-4.15,8.88,-0.05,0.10,-0.01,-0.22,0.01,-0.00,0.98,1.00,0.00,0.00,0.00,
46639.00,37.04,36.00,86142.67,0.02,-0.30,-4.07,8.80,25.06,-1.31,0.00,3.19,29.06,-6.00,-0.06,0.06,0.25,-0.23,-4.15,8.88,-0.07,0.08,-0.07,-0.22,0.01,-0.00,0.98,1.00,0.00,0.00,0.00,
46657.00,37.04,36.00,86142.67,0.02,-0.27,-4.09,8.78,25.06,-1.31,0.00,3.19,29.38,-5.56,0.00,-0.19,0.25,-0.23,-4.15,8.88,-0.03,0.08,-0.07,-0.22,0.01,-0.00,0.98,1.00,0.00,0.00,0.00,
46674.00,37.04,36.00,86148.16,-0.51,-0.23,-4.07,8.82,25.06,-1.31,0.00,3.19,29.38,-5.56,0.00,-0.56,0.06,-0.23,-4.15,8.88,0.00,0.07,-0.05,-0.22,0.01,-0.00,0.98,1.00,0.00,0.00,0.00,
46690.00,37.03,36.00,86144.08,-0.11,-0.23,-4.08,9.00,25.06,-1.31,0.00,3.19,29.38,-5.56,-0.19,-0.50,0.38,-0.23,-4.15,8.88,0.00,0.07,0.12,-0.22,0.01,-0.00,0.98,1.00,0.00,0.00,0.00,
46707.00,37.05,36.00,86143.34,-0.04,-0.22,-4.08,8.98,25.06,-1.31,0.00,3.56,28.25,-6.00,-0.25,-0.12,-0.06,-0.23,-4.15,8.88,0.03,0.03,0.04,-0.22,0.01,-0.00,0.98,1.00,0.00,0.00,0.00,
46724.00,37.05,36.00,86146.75,-0.38,-0.15,-4.11,8.89,25.06,-1.31,0.00,3.56,28.25,-6.00,-0.19,0.06,-0.38,-0.23,-4.15,8.88,0.07,0.04,0.01,-0.22,0.01,-0.00,0.98,1.00,0.00,0.00,0.00,
46740.00,37.05,36.00,86137.86,0.50,-0.28,-4.10,8.86,25.06,-1.31,0.00,3.56,28.25,-6.00,0.31,0.06,-0.81,-0.23,-4.15,8.87,-0.05,0.04,-0.01,-0.22,0.01,-0.00,0.98,1.00,0.00,0.00,0.00,
46757.00,37.04,36.00,86137.19,0.56,-0.30,-4.07,8.87,25.06,-1.31,0.00,3.19,29.38,-5.56,0.19,0.38,-1.06,-0.23,-4.15,8.87,-0.07,0.09,0.00,-0.22,0.01,-0.00,0.98,1.00,0.00,0.00,0.00,
46775.00,37.05,36.00,86140.60,0.23,-0.28,-4.06,8.81,25.06,-1.31,0.00,3.19,29.38,-5.56,0.06,0.38,-1.19,-0.23,-4.16,8.87,-0.05,0.09,-0.06,-0.22,0.01,-0.00,0.98,1.00,0.00,0.00,0.00,
46790.00,37.05,36.00,86137.86,0.50,-0.23,-4.04,8.82,25.06,-1.31,0.00,3.19,29.38,-5.56,0.00,0.06,-0.50,-0.23,-4.16,8.87,0.00,0.11,-0.05,-0.22,0.01,-0.00,0.98,1.00,0.00,0.00,0.00,
46807.00,37.05,36.00,86143.34,-0.04,-0.22,-4.05,8.84,25.06,-1.31,0.00,3.19,29.38,-6.75,-0.19,-0.38,0.81,-0.23,-4.16,8.87,-0.01,0.02,-0.01,-0.22,0.01,-0.00,0.98,1.00,0.00,0.00,0.00,
46824.00,37.05,36.00,86143.34,-0.04,-0.25,-4.11,8.88,25.06,-1.31,0.00,3.19,29.38,-6.75,-0.31,-0.50,1.06,-0.23,-4.15,8.87,-0.02,0.04,0.01,-0.22,0.01,-0.00,0.98,1.00,0.00,0.00,0.00,
46840.00,37.04,36.00,86142.67,0.02,-0.18,-4.11,8.94,25.06,-1.31,0.00,3.19,29.38,-6.75,-0.19,-0.19,0.00,-0.23,-4.15,8.87,0.04,0.04,0.06,-0.22,0.01,-0.00,0.98,1.00,0.00,0.00,0.00,
46857.00,37.04,36.00,86133.78,0.89,-0.17,-4.10,8.93,25.06,-1.31,0.00,4.00,29.38,-6.00,0.12,0.12,-0.44,-0.23,-4.15,8.87,0.02,0.09,0.02,-0.22,0.01,-0.00,0.98,1.00,0.00,0.00,0.00,
46875.00,37.05,36.00,86144.02,-0.11,-0.23,-4.04,8.89,25.06,-1.31,0.00,4.00,29.38,-6.00,0.06,0.19,-0.50,-0.23,-4.15,8.87,0.00,0.11,0.01,-0.22,0.01,-0.00,0.98,1.00,0.00,0.00,0.00,
46890.00,37.04,36.00,86142.67,0.02,-0.29,-4.03,8.86,25.06,-1.31,0.00,4.00,29.38,-6.00,0.00,0.06,-0.06,-0.23,-4.15,8.87,-0.06,0.11,0.00,-0.22,0.01,-0.00,0.98,1.00,0.00,0.00,0.00,
46907.00,37.04,36.00,86134.45,0.83,-0.29,-4.04,8.82,25.06,-1.31,0.00,3.19,29.38,-6.00,-0.06,-0.06,0.12,-0.23,-4.15,8.87,-0.07,0.10,-0.06,-0.22,0.01,-0.00,0.98,1.00,0.00,0.00,0.00,
46926.00,37.04,36.00,86139.94,0.29,-0.24,-4.12,8.86,25.06,-1.31,0.00,3.19,29.38,-6.00,-0.12,-0.31,0.00,-0.23,-4.15,8.87,-0.01,0.03,-0.07,-0.22,0.01,-0.00,0.98,1.00,0.00,0.00,0.00,
46940.00,37.04,36.00,86145.42,-0.24,-0.21,-4.15,8.93,25.06,-1.31,0.00,3.19,29.38,-6.00,0.00,-0.12,-0.06,-0.23,-4.15,8.87,0.01,0.00,0.05,-0.22,0.01,-0.00,0.98,1.00,0.00,0.00,0.00,
46955.00,37.04,36.00,86144.75,0.09,-0.22,-4.21,8.92,25.06,-1.31,0.00,3.56,29.38,-5.19,0.12,-0.12,-0.06,-0.23,-4.15,8.87,0.00,-0.05,0.04,-0.22,0.01,-0.00,0.98,1.00,0.00,0.00,0.00,
46974.00,37.04,36.00,86148.16,-0.51,-0.24,-4.14,8.91,25.06,-1.31,0.00,3.56,29.38,-5.19,0.06,0.00,-0.69,-0.23,-4.15,8.87,-0.01,0.01,0.03,-0.22,0.01,-0.00,0.98,1.00,0.00,0.00,0.00,
46990.00,37.04,36.00,86142.67,0.02,-0.24,-4.10,8.84,25.06,-1.31,0.00,3.56,29.38,-5.19,0.00,0.31,-0.62,-0.23,-4.16,8.87,-0.02,0.17,-0.08,-0.22,0.01,-0.00,0.98,1.00,0.00,0.00,0.00,
47007.00,37.04,36.00,86142.67,0.02,-0.25,-4.03,8.75,25.06,-1.31,0.00,4.00,29.38,-5.56,-0.06,0.25,-0.31,-0.23,-4.16,8.87,-0.05,0.12,-0.10,-0.22,0.01,-0.00,0.98,1.00,0.00,0.00,0.00,
47025.00,37.05,36.00,86144.02,-0.11,-0.30,-4.06,8.74,25.06,-1.31,0.00,4.00,29.38,-5.56,-0.06,0.06,0.94,-0.23,-4.15,8.87,-0.07,0.09,-0.12,-0.22,0.01,-0.00,0.98,1.00,0.00,0.00,0.00,
47040.00,37.04,36.00,86145.42,-0.24,-0.26,-4.13,8.92,25.06,-1.31,0.00,4.00,29.38,-5.56,-0.06,-0.25,0.69,-0.23,-4.15,8.87,-0.03,0.02,0.04,-0.22,0.01,-0.00,0.98,1.00,0.00,0.00,0.00,
47058.00,37.04,36.00,86142.00,0.36,-0.25,-4.12,8.98,25.06,-1.31,0.00,2.75,29.06,-5.56,0.00,-0.12,-0.19,-0.23,-4.15,8.87,0.04,0.06,0.10,-0.22,0.01,-0.00,0.98,1.00,0.00,0.00,0.00,
47076.00,37.04,36.00,86142.67,0.02,-0.18,-4.03,8.92,25.06,-1.31,0.00,2.75,29.06,-5.56,0.00,0.00,0.12,-0.23,-4.15,8.87,0.00,0.13,0.03,-0.22,0.01,-0.00,0.98,1.00,0.00,0.00,0.00,
47091.00,37.04,36.00,86139.94,0.29,-0.23,-4.04,8.86,25.06,-1.31,0.00,2.75,29.06,-5.56,-0.25,-0.12,0.69,-0.23,-4.15,8.87,0.00,0.10,-0.01,-0.22,0.01,-0.00,0.98,1.00,0.00,0.00,0.00,
47108.00,37.04,36.00,86142.67,0.02,-0.26,-4.02,8.85,25.06,-1.31,0.00,3.56,29.88,-7.25,-0.19,0.12,0.44,-0.23,-4.15,8.87,-0.03,0.07,-0.03,-0.22,0.01,-0.00,0.98,1.00,0.00,0.00,0.00,
47126.00,37.05,36.00,86146.09,-0.31,-0.26,-4.08,8.84,25.06,-1.31,0.00,3.56,29.88,-7.25,-0.25,-0.06,-0.06,-0.23,-4.15,8.87,0.00,0.04,-0.04,-0.22,0.01,-0.00,0.98,1.00,0.00,0.00,0.00,
47141.00,37.05,36.00,86144.02,-0.11,-0.21,-4.13,8.90,25.06,-1.31,0.00,3.56,29.88,-7.25,0.25,0.00,-0.56,-0.23,-4.15,8.87,0.01,0.01,0.02,-0.22,0.01,-0.00,0.98,1.00,0.00,0.00,0.00,
47158.00,37.05,36.00,86146.09,-0.31,-0.23,-4.11,8.93,25.06,-1.31,0.00,2.75,29.50,-5.19,0.31,-0.19,-0.62,-0.23,-4.15,8.87,-0.01,0.03,0.07,-0.22,0.01,-0.00,0.98,1.00,0.00,0.00,0.00,
47176.00,37.04,36.00,86142.00,0.09,-0.27,-4.07,8.99,25.06,-1.31,0.00,2.75,29.50,-5.19,0.06,0.25,-0.75,-0.23,-4.15,8.87,-0.04,0.09,-0.04,-0.22,0.01,-0.00,0.98,1.00,0.00,0.00,0.00,
47191.00,37.05,36.00,86137.86,0.50,-0.24,-4.02,8.76,25.06,-1.31,0.00,2.75,29.50,-5.19,-0.12,0.06,-0.38,-0.23,-4.15,8.87,-0.01,0.12,-0.10,-0.22,0.01,-0.00,0.98,1.00,0.00,0.00,0.00,
47209.00,37.04,36.00,86136.52,0.09,-0.23,-4.02,8.70,25.06,-1.31,0.00,3.56,29.06,-6.50,-0.12,0.06,0.81,-0.23,-4.15,8.87,-0.03,0.10,-0.17,-0.22,0.01,-0.00,0.98,1.00,0.00,0.00,0.00,
47226.00,37.04,36.00,86139.27,0.36,-0.27,-4.09,8.84,25.06,-1.31,0.00,3.56,29.06,-6.50,-0.12,-0.31,1.06,-0.23,-4.15,8.87,-0.04,0.05,-0.03,-0.22,0.01,-0.00,0.98,1.00,0.00,0.00,0.00,
47241.00,37.04,36.00,86142.67,0.02,-0.25,-4.13,9.01,25.06,-1.31,0.00,3.56,29.06,-6.50,0.00,-0.19,0.12,-0.22,-4.15,8.88,-0.02,0.01,0.13,-0.22,0.01,-0.00,0.98,1.00,0.00,0.00,0.00,
47259.00,37.04,36.00,86139.94,0.29,-0.24,-4.11,9.01,25.06,-1.31,0.00,3.19,29.38,-6.00,0.06,0.25,-0.44,-0.22,-4.15,8.88,0.02,0.11,0.00,-0.22,0.01,-0.00,0.98,1.00,0.00,0.00,0.00,
47276.00,37.04,36.00,86142.00,0.09,-0.21,-4.02,8.83,25.06,-1.31,0.00,3.19,29.38,-6.00,0.06,0.19,-0.12,-0.22,-4.15,8.88,0.01,0.13,-0.04,-0.22,0.01,-0.00,0.98,1.00,0.00,0.00,0.00,
47291.00,37.04,36.00,86139.27,0.63,-0.30,-4.13,8.84,25.06,-1.31,0.00,3.19,29.38,-6.00,-0.06,-0.19,0.75,-0.22,-4.15,8.88,-0.07,0.02,-0.03,-0.22,0.01,-0.00,0.98,1.00,0.00,0.00,0.00,
47307.00,37.05,36.00,86137.86,0.50,-0.27,-4.11,8.90,25.06,-1.31,0.00,3.19,29.88,-6.75,-0.12,-0.25,0.25,-0.22,-4.15,8.88,-0.03,0.05,0.06,-0.22,0.01,-0.00,0.98,1.00,0.00,0.00,0.00,
47324.00,37.04,36.00,86144.75,-0.18,-0.23,-4.09,8.90,25.06,-1.31,0.00,3.19,29.88,-6.75,-0.06,-0.12,-1.06,-0.22,-4.15,8.88,0.00,0.05,0.02,-0.22,0.01,-0.00,0.98,1.00,0.00,0.00,0.00,
47340.00,37.05,36.00,86138.53,0.43,-0.18,-4.09,8.83,25.06,-1.31,0.00,3.19,29.88,-6.75,0.00,0.12,-0.50,-0.22,-4.15,8.87,0.01,0.08,-0.10,-0.22,0.01,-0.00,0.98,1.00,0.00,0.00,0.00,
47358.00,37.04,36.00,86148.16,-0.51,-0.20,-4.09,8.79,25.06,-1.31,0.00,3.56,28.69,-5.56,0.12,-0.12,0.12,-0.22,-4.15,8.87,-0.01,0.05,-0.02,-0.22,0.01,-0.00,0.98,1.00,0.00,0.00,0.00,
47376.00,37.04,36.00,86142.67,0.02,-0.31,-4.03,8.95,25.06,-1.31,0.00,3.56,28.69,-5.56,0.25,-0.06,-0.19,-0.22,-4.15,8.87,-0.08,0.11,0.07,-0.22,0.01,-0.00,0.98,1.00,0.00,0.00,0.00,
47391.00,37.05,36.00,86137.86,0.50,-0.33,-4.03,8.95,25.06,-1.31,0.00,3.56,28.69,-5.56,0.00,0.12,-0.25,-0.22,-4.15,8.87,-0.06,0.12,0.04,-0.22,0.01,-0.00,0.98,1.00,0.00,0.00,0.00,
47409.00,37.04,36.00,86142.67,0.02,-0.24,-4.03,8.72,25.06,-1.31,0.00,3.19,28.25,-6.75,-0.06,-0.12,0.75,-0.22,-4.15,8.87,0.00,0.05,-0.16,-0.22,0.01,-0.00,0.98,1.00,0.00,0.00,0.00,
47427.00,37.04,36.00,86139.27,0.36,-0.23,-4.10,8.73,25.00,-1.31,0.00,3.19,28.25,-6.75,-0.38,-0.38,1.38,-0.22,-4.15,8.88,-0.03,0.03,-0.01,-0.22,0.01,-0.00,0.98,1.00,0.00,0.00,0.00,
47441.00,37.04,36.00,86147.48,-0.18,-0.25,-4.13,9.08,25.00,-1.31,0.00,3.19,28.25,-6.75,-0.31,-0.50,1.12,-0.22,-4.14,8.88,-0.02,0.01,0.20,-0.22,0.01,-0.00,0.98,1.00,0.00,0.00,0.00,
47457.00,37.04,36.00,86137.19,0.56,-0.21,-4.13,9.05,25.00,-1.31,0.00,2.75,29.06,-4.75,-0.25,-0.25,0.69,-0.22,-4.14,8.88,0.00,0.04,0.10,-0.22,0.01,-0.00,0.98,1.00,0.00,0.00,0.00,
47474.00,37.04,36.00,86148.16,-0.51,-0.20,-4.07,8.87,25.00,-1.31,0.00,2.75,29.06,-4.75,0.06,0.56,0.06,-0.22,-4.14,8.88,0.02,0.07,0.00,-0.22,0.01,-0.00,0.98,1.00,0.00,0.00,0.00,
47491.00,37.03,36.00,86141.34,0.16,-0.24,-4.07,8.75,25.00,-1.31,0.00,2.75,29.06,-4.75,0.12,0.12,-0.31,-0.22,-4.14,8.88,-0.02,0.10,-0.09,-0.22,0.01,-0.00,0.98,1.00,0.00,0.00,0.00,
47508.00,37.04,36.00,86145.42,-0.24,-0.26,-4.02,8.87,25.00,-1.31,0.00,3.19,29.06,-5.56,0.12,-0.06,-0.62,-0.22,-4.15,8.88,-0.06,0.10,0.04,-0.22,0.01,-0.00,0.98,1.00,0.00,0.00,0.00,
47525.00,37.04,36.00,86142.67,0.02,-0.26,-4.09,9.00,25.00,-1.31,0.00,3.19,29.06,-5.56,0.06,-0.19,-1.38,-0.22,-4.15,8.88,-0.03,0.05,0.12,-0.22,0.01,-0.00,0.98,1.00,0.00,0.00,0.00,
47541.00,37.04,36.00,86139.94,0.29,-0.23,-4.12,8.93,25.06,-1.31,0.00,3.19,29.06,-5.56,0.31,0.31,-1.50,-0.22,-4.15,8.87,-0.01,0.05,0.00,-0.22,0.01,-0.00,0.98,1.00,0.00,0.00,0.00,
47555.00,37.04,36.00,86145.42,-0.24,-0.25,-4.09,8.78,25.06,-1.31,0.00,3.56,28.25,-5.56,0.31,0.19,-1.44,-0.22,-4.15,8.87,-0.02,0.06,-0.09,-0.22,0.01,-0.00,0.98,1.00,0.00,0.00,0.00,
47572.00,37.05,36.00,86137.86,0.50,-0.28,-4.05,8.80,25.12,-1.31,0.00,3.56,28.25,-5.56,0.19,-0.06,-1.25,-0.22,-4.16,8.87,-0.05,0.12,-0.04,-0.22,0.01,-0.00,0.98,1.00,0.00,0.00,0.00,
47590.00,37.05,36.00,86146.09,-0.31,-0.25,-4.03,8.86,25.12,-1.31,0.00,3.56,28.25,-5.56,-0.06,0.00,-0.50,-0.22,-4.16,8.87,-0.02,0.06,-0.03,-0.22,0.01,-0.00,0.98,1.00,0.00,0.00,0.00,
47607.00,37.04,36.00,86139.94,0.29,-0.21,-4.12,8.83,25.12,-1.31,0.00,4.00,29.38,-5.19,-0.06,-0.38,0.00,-0.22,-4.16,8.87,0.01,0.04,-0.04,-0.22,0.01,-0.00,0.98,1.00,0.00,0.00,0.00,
47624.00,37.04,36.00,86148.16,-0.51,-0.21,-4.14,8.81,25.12,-1.31,0.00,4.00,29.38,-5.19,0.06,-0.25,0.31,-0.22,-4.16,8.87,0.01,0.02,-0.06,-0.22,0.01,-0.00,0.98,1.00,0.00,0.00,0.00,
47641.00,37.04,36.00,86139.94,0.29,-0.26,-4.11,8.94,25.12,-1.31,0.00,4.00,29.38,-5.19,0.00,0.12,0.00,-0.22,-4.16,8.87,-0.04,0.07,0.07,-0.22,0.01,-0.00,0.98,1.00,0.00,0.00,0.00,
47658.00,37.04,36.00,86148.16,-0.51,-0.27,-4.09,8.94,25.12,-1.31,0.00,4.00,27.88,-5.19,-0.19,0.06,-0.12,-0.22,-4.16,8.87,-0.02,0.07,0.00,-0.22,0.01,-0.00,0.98,1.00,0.00,0.00,0.00,
47675.00,37.05,36.00,86143.34,-0.04,-0.22,-4.06,8.77,25.12,-1.31,0.00,4.00,27.88,-5.19,-0.06,0.12,0.25,-0.22,-4.16,8.87,0.00,0.10,-0.10,-0.22,0.01,-0.00,0.98,1.00,0.00,0.00,0.00,
47691.00,37.05,36.00,86140.60,0.23,-0.24,-4.08,8.81,25.12,-1.31,0.00,4.00,27.88,-5.19,-0.12,-0.31,0.50,-0.22,-4.16,8.87,-0.01,0.10,-0.02,-0.22,0.01,-0.00,0.98,1.00,0.00,0.00,0.00,
47709.00,37.05,36.00,86140.60,0.23,-0.28,-4.07,8.91,25.12,-1.31,0.00,2.75,28.25,-5.56,-0.12,-0.25,0.31,-0.22,-4.16,8.87,-0.02,0.09,-0.07,-0.22,0.01,-0.00,0.98,1.00,0.00,0.00,0.00,
47727.00,37.04,36.00,86142.00,0.09,-0.26,-4.08,8.89,25.12,-1.31,0.00,2.75,28.25,-5.56,-0.12,-0.06,0.06,-0.22,-4.16,8.87,-0.03,0.08,0.02,-0.22,0.01,-0.00,0.98,1.00,0.00,0.00,0.00,
47742.00,37.05,36.00,86143.34,-0.04,-0.24,-4.08,8.90,25.12,-1.31,0.00,2.75,28.25,-5.56,-0.06,0.00,0.19,-0.22,-4.16,8.87,-0.01,0.08,0.03,-0.22,0.01,-0.00,0.98,1.00,0.00,0.00,0.00,
47760.00,37.04,36.00,86145.42,-0.24,-0.23,-4.09,9.00,25.12,-1.31,0.00,3.19,28.25,-5.56,-0.12,0.00,-0.31,-0.22,-4.16,8.87,-0.04,0.08,0.04,-0.22,0.01,-0.00,0.98,1.00,0.00,0.00,0.00,
47777.00,37.04,36.00,86139.94,0.29,-0.26,-4.08,8.93,25.12,-1.31,0.00,3.19,28.25,-5.56,0.06,0.00,-0.31,-0.22,-4.16,8.87,-0.03,0.08,0.06,-0.22,0.01,-0.00,0.98,1.00,0.00,0.00,0.00,
47793.00,37.04,36.00,86145.42,-0.24,-0.21,-4.06,8.85,25.12,-1.31,0.00,3.19,28.25,-5.56,-0.06,0.00,0.12,-0.22,-4.16,8.87,0.01,0.09,-0.01,-0.22,0.01,-0.00,0.98,1.00,0.00,0.00,0.00,
47810.00,37.04,36.00,86139.27,0.36,-0.23,-4.03,8.78,25.12,-1.31,0.00,3.19,29.38,-6.50,-0.12,-0.25,0.50,-0.22,-4.16,8.87,0.00,0.09,-0.08,-0.22,0.01,-0.00,0.98,1.00,0.00,0.00,0.00,
47828.00,37.04,36.00,86142.67,0.02,-0.27,-4.11,8.89,25.12,-1.31,0.00,3.19,29.38,-6.50,-0.06,-0.25,0.31,-0.22,-4.16,8.87,-0.03,0.00,0.06,-0.22,0.01,-0.00,0.98,1.00,0.00,0.00,0.00,
47843.00,37.05,36.00,86135.78,0.70,-0.25,-4.11,9.06,25.12,-1.31,0.00,3.19,29.38,-6.50,0.12,-0.19,-0.44,-0.22,-4.16,8.87,-0.02,0.04,0.18,-0.22,0.01,-0.00,0.98,1.00,0.00,0.00,0.00,
47861.00,37.05,36.00,86143.34,-0.04,-0.21,-4.08,8.91,25.12,-1.31,0.00,3.56,29.06,-5.56,0.06,0.44,-1.12,-0.22,-4.16,8.87,0.00,0.06,0.03,-0.22,0.01,-0.00,0.98,1.00,0.00,0.00,0.00,
47879.00,37.05,36.00,86143.34,-0.04,-0.23,-4.08,8.71,25.12,-1.31,0.00,3.56,29.06,-5.56,0.19,0.44,-1.19,-0.22,-4.17,8.87,-0.02,0.10,-0.02,-0.22,0.01,-0.00,0.98,1.00,0.00,0.00,0.00,
47893.00,37.04,36.00,86139.94,0.29,-0.28,-4.07,8.89,25.12,-1.31,0.00,3.56,29.06,-5.56,0.12,0.00,-1.12,-0.22,-4.17,8.87,-0.05,0.09,0.02,-0.22,0.01,-0.00,0.98,1.00,0.00,0.00,0.00,
47910.00,37.04,36.00,86137.19,0.56,-0.29,-4.07,8.90,25.19,-1.31,0.00,3.56,29.06,-8.50,0.25,-0.19,-1.12,-0.22,-4.17,8.87,-0.03,0.09,0.11,-0.22,0.01,-0.00,0.98,1.00,0.00,0.00,0.00,
47928.00,37.04,36.00,86139.27,0.36,-0.25,-4.08,8.86,25.19,-1.31,0.00,3.56,29.06,-8.50,0.12,0.19,-1.19,-0.22,-4.17,8.86,-0.04,0.07,-0.02,-0.22,0.01,-0.00,0.98,1.00,0.00,0.00,0.00,
47943.00,37.04,36.00,86134.45,0.83,-0.27,-4.11,8.88,25.19,-1.31,0.00,3.56,29.06,-8.50,0.19,-0.19,-1.25,-0.22,-4.18,8.86,-0.04,0.06,0.02,-0.22,0.01,-0.00,0.98,1.00,0.00,0.00,0.00,
47957.00,37.04,36.00,86139.94,0.29,-0.24,-4.10,8.83,25.25,-1.31,0.00,2.75,29.06,-6.75,0.12,0.00,-1.75,-0.22,-4.18,8.86,-0.01,0.07,-0.03,-0.22,0.01,-0.00,0.98,1.00,0.00,0.00,0.00,
47974.00,37.05,36.00,86143.34,-0.04,-0.22,-4.18,8.83,25.25,-1.31,0.00,2.75,29.06,-6.75,0.19,0.06,-2.75,-0.22,-4.19,8.86,0.00,0.00,-0.02,-0.22,0.01,-0.00,0.98,1.00,0.00,0.00,0.00,
47991.00,37.05,36.00,86144.02,-0.11,-0.21,-4.08,8.83,25.31,-1.31,0.00,2.75,29.06,-6.75,0.38,-0.06,-2.75,-0.22,-4.19,8.85,0.02,0.00,0.21,-0.22,0.01,-0.00,0.98,1.00,0.00,0.00,0.00,
48005.00,37.04,36.00,86139.94,0.29,-0.25,-4.12,8.66,25.38,-1.31,0.00,3.56,29.38,-5.56,0.44,0.62,-2.25,-0.23,-4.20,8.85,-0.02,0.07,-0.19,-0.22,0.01,-0.00,0.98,1.00,0.00,0.00,0.00,
48022.00,37.04,36.00,86145.42,-0.24,-0.25,-4.05,8.84,25.38,-1.31,0.00,3.56,29.38,-5.56,0.12,0.12,-1.12,-0.23,-4.20,8.85,-0.09,0.10,-0.15,-0.22,0.01,-0.00,0.98,1.00,0.00,0.00,0.00,
48040.00,37.04,36.00,86142.67,0.02,-0.35,-4.14,8.75,25.38,-1.31,0.00,3.56,29.38,-5.56,0.00,0.25,-0.94,-0.23,-4.20,8.85,-0.03,0.04,0.12,-0.22,0.01,-0.00,0.98,1.00,0.00,0.00,0.00,
48057.00,37.04,36.00,86142.67,0.02,-0.22,-4.15,8.98,25.38,-1.31,0.00,3.56,28.69,-6.50,-0.06,0.00,-0.56,-0.23,-4.20,8.85,0.00,0.05,0.12,-0.22,0.01,-0.00,0.98,1.00,0.00,0.00,0.00,
48074.00,37.05,36.00,86141.27,0.16,-0.20,-4.20,8.66,25.38,-1.31,0.00,3.56,28.69,-6.50,0.06,0.88,-0.19,-0.23,-4.20,8.85,0.02,0.00,-0.18,-0.22,0.01,-0.00,0.98,1.00,0.00,0.00,0.00,
