54466.00,37.25,36.00,86149.70,-0.13,-0.03,-1.93,9.98,14.12,0.38,356.81,-16.25,21.38,-25.38,-0.25,-0.38,0.06,0.06,-2.39,9.50,-0.07,0.31,0.33,-0.12,-0.00,0.03,0.99,1.00,0.00,0.00,0.00,
56252.00,37.27,36.00,86144.17,0.41,-0.07,-2.29,9.08,14.12,-0.25,359.94,3.38,40.75,-16.00,0.00,-0.19,0.81,-0.04,-2.40,9.50,-0.02,0.10,-0.42,-0.12,0.00,0.00,0.99,1.00,0.00,0.00,0.00,
56269.00,37.27,36.00,86143.50,0.48,-0.09,-2.25,9.19,14.12,-0.25,359.94,3.38,40.38,-15.06,-0.19,-0.38,0.56,-0.04,-2.40,9.50,0.04,0.09,-0.20,-0.12,0.00,0.00,0.99,1.00,0.00,0.00,0.00,
56287.00,37.27,36.00,86141.44,0.68,0.01,-2.33,9.24,14.12,-0.25,359.94,3.38,40.38,-15.06,-0.19,0.00,0.31,-0.04,-2.40,9.50,0.05,0.06,-0.26,-0.12,0.00,0.00,0.99,1.00,0.00,0.00,0.00,
56302.00,37.28,36.00,86145.52,0.28,0.03,-2.33,9.16,14.12,-0.25,359.94,3.38,40.38,-15.06,-0.06,-0.06,0.75,-0.04,-2.39,9.50,0.07,0.06,-0.34,-0.12,0.00,0.00,0.99,1.00,0.00,0.00,0.00,
56319.00,37.28,36.00,86145.52,0.28,0.00,-2.31,9.08,14.12,-0.25,359.94,3.38,40.38,-13.50,0.12,-0.31,0.44,-0.04,-2.39,9.50,0.01,0.08,-0.34,-0.12,0.00,0.00,0.99,1.00,0.00,0.00,0.00,
56337.00,37.27,36.00,86146.92,0.14,-0.04,-2.31,9.23,14.12,-0.25,359.94,3.38,40.38,-13.50,0.06,-0.25,0.19,-0.04,-2.39,9.50,-0.01,0.10,-0.22,-0.12,0.00,0.00,0.99,1.00,0.00,0.00,0.00,
56352.00,37.27,36.00,86141.44,0.68,0.00,-2.29,9.29,14.12,-0.25,359.94,3.38,40.38,-13.50,-0.12,-0.06,0.06,-0.04,-2.39,9.50,0.04,0.10,-0.20,-0.12,0.00,0.00,0.99,1.00,0.00,0.00,0.00,
56366.00,37.28,36.00,86142.10,0.62,0.00,-2.24,9.20,14.12,-0.25,359.94,3.75,40.75,-14.75,0.00,0.19,0.00,-0.04,-2.39,9.50,0.04,0.15,-0.30,-0.12,0.00,0.00,0.99,1.00,0.00,0.00,0.00,
56384.00,37.28,36.00,86147.59,0.08,-0.03,-2.23,9.06,14.12,-0.25,359.94,3.75,40.75,-14.75,0.00,-0.06,0.25,-0.04,-2.39,9.50,0.01,0.16,-0.43,-0.12,0.00,0.00,0.99,1.00,0.00,0.00,0.00,
56400.00,37.28,36.00,86145.52,0.28,-0.05,-2.20,9.10,14.12,-0.25,359.94,3.75,40.75,-14.75,-0.19,-0.31,0.19,-0.04,-2.39,9.50,-0.01,0.18,-0.31,-0.12,0.00,0.00,0.99,1.00,0.00,0.00,0.00,
56418.00,37.28,36.00,86144.84,0.35,-0.03,-2.27,9.24,14.12,-0.25,359.94,3.75,40.38,-15.19,-0.06,-0.38,0.19,-0.04,-2.39,9.50,0.04,-0.05,-0.23,-0.12,0.00,0.00,0.99,1.00,0.00,0.00,0.00,
56436.00,37.28,36.00,86147.59,0.08,0.00,-2.49,9.27,14.12,-0.25,359.94,3.75,40.38,-15.19,0.25,0.00,-1.44,-0.04,-2.40,9.50,0.04,-0.09,-0.23,-0.12,0.00,0.00,0.99,1.00,0.00,0.00,0.00,
56452.00,37.28,36.00,86142.10,0.35,0.00,-2.42,9.27,14.19,-0.25,359.94,3.75,40.38,-15.19,0.25,0.31,-2.56,-0.04,-2.40,9.50,0.03,0.06,-0.25,-0.12,0.00,0.00,0.99,1.00,0.00,0.00,0.00,
56467.00,37.28,36.00,86147.59,0.08,-0.02,-2.15,9.14,14.19,-0.25,359.94,3.38,39.56,-14.25,0.12,0.38,-1.62,-0.04,-2.41,9.50,0.02,0.25,-0.36,-0.12,0.00,0.00,0.99,1.00,0.00,0.00,0.00,
56484.00,37.28,36.00,86136.61,1.15,-0.03,-2.26,9.06,14.19,-0.25,359.94,3.38,39.56,-14.25,-0.44,0.06,0.88,-0.04,-2.40,9.50,0.01,0.14,-0.44,-0.12,0.00,0.00,0.99,1.00,0.00,0.00,0.00,
56501.00,37.28,36.00,86142.10,0.62,-0.04,-2.34,9.06,14.12,-0.25,359.94,3.38,39.56,-14.25,-0.25,-0.19,1.81,-0.04,-2.40,9.50,-0.02,0.10,-0.43,-0.12,0.00,0.00,0.99,1.00,0.00,0.00,0.00,
56516.00,37.28,36.00,86151.00,-0.26,-0.03,-2.26,9.15,14.12,-0.25,359.94,1.75,24.56,-7.88,-0.12,-0.44,1.38,-0.04,-2.40,9.50,0.01,0.14,-0.35,-0.12,0.00,0.00,0.99,1.00,0.00,0.00,0.00,
56532.00,37.28,36.00,86142.77,0.55,-0.02,-2.20,9.24,14.12,-0.25,359.94,1.75,24.56,-7.88,-0.06,-0.12,1.19,-0.04,-2.39,9.50,0.01,0.21,-0.22,-0.12,0.00,0.00,0.99,1.00,0.00,0.00,0.00,
56550.00,37.28,36.00,86137.28,1.09,0.00,-2.27,9.28,14.12,-0.25,359.94,1.75,24.56,-7.88,-0.38,-0.06,1.50,-0.04,-2.39,9.51,0.07,0.04,-0.33,-0.12,0.00,0.00,0.99,1.00,0.00,0.00,0.00,
56565.00,37.28,36.00,86142.77,0.55,0.00,-2.36,9.10,14.06,-0.25,359.94,2.06,23.19,-8.00,-0.25,-0.12,1.38,-0.04,-2.38,9.51,0.05,0.02,-0.40,-0.12,0.00,0.00,0.99,1.00,0.00,0.00,0.00,
56579.00,37.27,36.00,86135.95,1.22,-0.03,-2.31,9.19,14.06,-0.25,359.94,2.06,23.19,-8.00,-0.19,-0.31,1.19,-0.04,-2.38,9.51,0.00,0.12,-0.25,-0.12,0.00,0.00,0.99,1.00,0.00,0.00,0.00,
56595.00,37.28,36.00,86140.03,0.82,-0.05,-2.24,9.35,14.06,-0.25,359.94,2.06,23.19,-8.00,-0.19,-0.25,0.81,-0.04,-2.38,9.51,-0.01,0.13,-0.15,-0.12,0.00,0.00,0.99,1.00,0.00,0.00,0.00,
56614.00,37.27,36.00,86141.44,0.68,0.01,-2.29,9.20,14.06,-0.25,359.94,2.06,24.38,-8.00,-0.06,0.19,-0.06,-0.04,-2.38,9.51,0.06,0.09,-0.30,-0.12,0.00,0.00,0.99,1.00,0.00,0.00,0.00,
56630.00,37.28,36.00,86140.03,0.82,0.04,-2.29,9.13,14.06,-0.25,359.94,2.06,24.38,-8.00,0.25,0.00,-1.12,-0.04,-2.38,9.51,0.06,0.06,-0.40,-0.12,0.00,0.00,0.99,1.00,0.00,0.00,0.00,
56648.00,37.28,36.00,86139.36,0.88,0.00,-2.32,9.13,14.06,-0.25,359.94,2.06,24.38,-8.00,0.44,0.25,-1.12,-0.04,-2.38,9.51,0.04,0.06,-0.37,-0.12,0.00,0.00,0.99,1.00,0.00,0.00,0.00,
56664.00,37.29,36.00,86140.70,0.75,-0.04,-2.14,9.26,14.06,-0.25,359.94,2.06,24.38,-9.25,0.06,0.12,-0.50,-0.04,-2.39,9.51,0.00,0.24,-0.24,-0.12,0.00,0.00,0.99,1.00,0.00,0.00,0.00,
56681.00,37.28,36.00,86142.10,0.62,-0.04,-2.21,9.23,14.06,-0.25,359.94,2.06,24.38,-9.25,-0.25,0.19,-0.44,-0.04,-2.39,9.51,0.03,0.01,-0.33,-0.12,0.00,0.00,0.99,1.00,0.00,0.00,0.00,
56698.00,37.28,36.00,86140.03,0.82,-0.02,-2.43,9.16,14.06,-0.25,359.94,2.06,24.38,-9.25,-0.19,0.12,-0.50,-0.04,-2.39,9.51,0.02,-0.02,-0.38,-0.12,0.00,0.00,0.99,1.00,0.00,0.00,0.00,
56716.00,37.28,36.00,86148.26,0.01,-0.02,-2.34,9.09,14.12,-0.25,359.94,2.88,24.38,-8.75,0.31,0.00,-0.81,-0.04,-2.39,9.50,0.01,0.05,-0.41,-0.12,0.00,0.00,0.99,1.00,0.00,0.00,0.00,
56732.00,37.29,36.00,86148.92,-0.05,-0.02,-2.16,9.12,14.06,-0.25,359.94,2.88,24.38,-8.75,-0.06,-0.44,0.12,-0.04,-2.39,9.51,0.02,0.24,-0.34,-0.12,0.00,0.00,0.99,1.00,0.00,0.00,0.00,
56750.00,37.29,36.00,86143.44,0.49,0.01,-2.24,9.18,14.06,-0.25,359.94,2.88,24.38,-8.75,-0.25,-0.25,0.50,-0.04,-2.39,9.51,0.06,0.08,-0.25,-0.12,0.00,0.00,0.99,1.00,0.00,0.00,0.00,
56768.00,37.29,36.00,86152.36,-0.39,0.00,-2.38,9.22,14.06,-0.25,359.94,1.38,23.25,-7.19,-0.38,-0.25,1.06,-0.04,-2.38,9.51,0.04,0.00,-0.28,-0.12,0.00,0.00,0.99,1.00,0.00,0.00,0.00,
56784.00,37.29,36.00,86148.92,-0.05,-0.03,-2.32,9.15,14.06,-0.25,359.94,1.38,23.25,-7.19,0.00,0.19,0.44,-0.04,-2.38,9.51,0.00,0.06,-0.36,-0.12,0.00,0.00,0.99,1.00,0.00,0.00,0.00,
56802.00,37.28,36.00,86144.84,0.35,-0.04,-2.30,9.11,14.06,-0.25,359.94,1.38,23.25,-7.19,0.06,0.06,0.06,-0.04,-2.38,9.51,0.03,0.19,-0.32,-0.12,0.00,0.00,0.99,1.00,0.00,0.00,0.00,
56819.00,37.29,36.00,86137.95,1.02,0.00,-2.19,9.26,14.06,-0.25,359.94,2.88,24.38,-8.38,0.00,-0.31,0.00,-0.04,-2.38,9.51,0.02,0.12,-0.14,-0.12,0.00,0.00,0.99,1.00,0.00,0.00,0.00,
56835.00,37.28,36.00,86145.52,0.28,-0.01,-2.27,9.33,14.06,-0.19,359.94,2.88,24.38,-8.38,-0.19,0.19,-0.88,-0.04,-2.38,9.51,0.02,0.10,-0.17,-0.12,0.00,0.00,0.99,1.00,0.00,0.00,0.00,
56852.00,37.28,36.00,86139.36,0.88,-0.01,-2.27,9.22,14.06,-0.19,359.94,2.88,24.38,-8.38,0.12,0.19,-1.25,-0.04,-2.39,9.51,0.01,0.13,-0.38,-0.12,0.00,0.00,0.99,1.00,0.00,0.00,0.00,
56866.00,37.29,36.00,86148.92,-0.05,-0.01,-2.31,9.10,14.12,-0.19,359.94,2.06,23.69,-8.00,0.25,0.44,-1.50,-0.04,-2.39,9.50,0.02,0.07,-0.40,-0.12,0.00,0.00,0.99,1.00,0.00,0.00,0.00,
56883.00,37.29,36.00,86148.92,-0.05,-0.05,-2.30,9.06,14.12,-0.19,359.94,2.06,23.69,-8.00,0.38,0.19,-1.00,-0.04,-2.39,9.50,0.00,0.18,-0.42,-0.12,0.00,0.00,0.99,1.00,0.00,0.00,0.00,
56901.00,37.29,36.00,86146.88,0.69,-0.05,-2.20,9.18,14.12,-0.19,359.94,2.06,23.69,-8.00,-0.06,-0.12,-0.38,-0.04,-2.39,9.50,0.00,0.17,-0.21,-0.12,0.00,0.00,0.99,1.00,0.00,0.00,0.00,
56919.00,37.29,36.00,86140.70,0.75,-0.04,-2.30,9.28,14.12,-0.19,359.94,2.50,23.88,-8.06,-0.19,-0.06,-0.06,-0.04,-2.39,9.50,0.00,0.09,-0.21,-0.12,0.00,0.00,0.99,1.00,0.00,0.00,0.00,
56935.00,37.29,36.00,86137.95,1.02,0.00,-2.40,9.07,14.12,-0.19,359.94,2.50,23.88,-8.06,-0.19,0.25,0.50,-0.04,-2.39,9.50,0.03,0.00,-0.43,-0.12,0.00,0.00,0.99,1.00,0.00,0.00,0.00,
56952.00,37.28,36.00,86148.26,0.01,0.00,-2.37,9.01,14.12,-0.19,359.94,2.50,23.88,-8.06,0.00,-0.31,1.06,-0.04,-2.39,9.50,-0.03,0.13,-0.39,-0.12,0.00,0.00,0.99,1.00,0.00,0.00,0.00,
56969.00,37.28,36.00,86145.52,0.28,-0.10,-2.25,9.22,14.12,-0.19,359.94,2.06,23.88,-7.25,-0.06,-0.44,0.81,-0.04,-2.39,9.50,-0.08,0.14,-0.19,-0.12,0.00,0.00,0.99,1.00,0.00,0.00,0.00,
56985.00,37.29,36.00,86144.13,0.42,0.00,-2.27,9.25,14.12,-0.19,359.94,2.06,23.88,-7.25,-0.31,-0.06,0.62,-0.04,-2.39,9.51,0.04,0.11,-0.25,-0.12,0.00,0.00,0.99,1.00,0.00,0.00,0.00,
57002.00,37.29,36.00,86146.88,0.15,0.04,-2.31,9.15,14.06,-0.19,359.94,2.06,23.88,-7.25,-0.25,0.19,1.25,-0.04,-2.38,9.51,0.08,0.03,-0.43,-0.12,0.00,0.00,0.99,1.00,0.00,0.00,0.00,
57016.00,37.30,36.00,86144.80,0.35,0.05,-2.37,9.06,14.06,-0.19,359.94,1.75,25.06,-8.50,-0.25,-0.19,1.50,-0.04,-2.38,9.51,0.09,0.01,-0.44,-0.12,0.00,0.00,0.99,1.00,0.00,0.00,0.00,
57032.00,37.29,36.00,86143.44,0.49,-0.01,-2.29,9.18,14.06,-0.19,359.94,1.75,25.06,-8.50,0.00,-0.75,1.38,-0.04,-2.38,9.51,0.02,0.13,-0.25,-0.12,0.00,0.00,0.99,1.00,0.00,0.00,0.00,
57050.00,37.29,36.00,86144.13,0.42,-0.02,-2.21,9.30,14.00,-0.19,359.94,1.75,25.06,-8.50,0.00,-0.81,1.00,-0.03,-2.37,9.51,0.02,0.16,-0.11,-0.12,0.00,0.00,0.99,1.00,0.00,0.00,0.00,
57068.00,37.29,36.00,86140.70,0.75,0.03,-2.24,9.28,14.00,-0.19,359.94,2.88,24.19,-7.56,0.00,0.00,0.50,-0.03,-2.37,9.51,0.07,0.13,-0.22,-0.12,0.00,0.00,0.99,1.00,0.00,0.00,0.00,
57086.00,37.29,36.00,86149.62,-0.12,0.02,-2.25,9.05,14.00,-0.19,359.94,2.88,24.19,-7.56,0.06,0.44,0.44,-0.03,-2.37,9.51,0.06,0.12,-0.46,-0.12,0.00,0.00,0.99,1.00,0.00,0.00,0.00,
57102.00,37.29,36.00,86144.13,0.42,-0.04,-2.21,9.05,14.00,-0.19,359.94,2.88,24.19,-7.56,0.06,-0.19,0.31,-0.03,-2.37,9.51,-0.04,0.14,-0.31,-0.12,0.00,0.00,0.99,1.00,0.00,0.00,0.00,
57120.00,37.30,36.00,86144.80,0.35,-0.07,-2.26,9.20,14.00,-0.19,359.94,2.06,23.06,-8.38,0.06,-0.19,-0.31,-0.03,-2.37,9.51,0.00,0.07,-0.30,-0.12,0.00,0.00,0.99,1.00,0.00,0.00,0.00,
57138.00,37.29,36.00,86146.88,0.15,0.02,-2.27,9.07,14.00,-0.19,359.94,2.06,23.06,-8.38,-0.06,0.06,-0.62,-0.03,-2.38,9.51,0.06,0.10,-0.43,-0.12,0.00,0.00,0.99,1.00,0.00,0.00,0.00,
57153.00,37.29,36.00,86140.70,0.75,0.02,-2.25,9.09,14.00,-0.19,359.94,2.06,23.06,-8.38,-0.25,-0.31,1.00,-0.03,-2.37,9.51,0.04,0.10,-0.38,-0.12,0.00,0.00,0.99,1.00,0.00,0.00,0.00,
57167.00,37.29,36.00,86144.13,0.42,-0.01,-2.27,9.19,14.00,-0.19,359.94,1.75,23.50,-8.00,-0.56,-0.38,1.50,-0.03,-2.37,9.51,0.02,0.09,-0.31,-0.12,0.00,0.00,0.99,1.00,0.00,0.00,0.00,
57184.00,37.29,36.00,86144.13,0.42,-0.01,-2.34,9.28,13.94,-0.19,359.94,1.75,23.50,-8.00,-0.38,-0.50,1.88,-0.03,-2.37,9.51,0.03,0.02,-0.23,-0.12,0.00,0.00,0.99,1.00,0.00,0.00,0.00,
57202.00,37.30,36.00,86147.55,0.08,0.02,-2.37,9.22,13.94,-0.19,359.94,1.75,23.50,-8.00,-0.12,0.25,2.62,-0.03,-2.36,9.51,0.05,0.00,-0.37,-0.12,0.00,0.00,0.99,1.00,0.00,0.00,0.00,
57216.00,37.29,36.00,86148.92,-0.05,-0.04,-2.26,9.07,13.88,-0.19,359.94,2.06,23.50,-8.06,0.12,0.19,3.31,-0.03,-2.35,9.51,0.00,0.08,-0.44,-0.12,0.00,0.00,0.99,1.00,0.00,0.00,0.00,
57233.00,37.30,36.00,86142.06,-0.19,-0.10,-2.34,9.16,13.81,-0.19,359.94,2.06,23.50,-8.06,0.12,-0.38,3.75,-0.03,-2.34,9.52,-0.05,0.09,-0.32,-0.12,0.00,0.00,0.99,1.00,0.00,0.00,0.00,
57250.00,37.30,36.00,86147.55,0.08,-0.03,-2.20,9.38,13.75,-0.19,359.94,2.06,23.50,-8.06,0.19,-0.56,3.56,-0.03,-2.34,9.52,0.04,0.18,-0.20,-0.12,0.00,0.00,0.99,1.00,0.00,0.00,0.00,
57264.00,37.30,36.00,86144.80,0.35,0.00,-2.18,9.17,13.69,-0.19,359.94,2.50,23.50,-8.06,0.19,0.19,3.31,-0.03,-2.32,9.52,0.03,0.14,-0.34,-0.12,0.00,0.00,0.99,1.00,0.00,0.00,0.00,
57282.00,37.29,36.00,86149.62,-0.12,-0.01,-2.20,9.07,13.62,-0.19,359.94,2.50,23.50,-8.06,-0.06,0.00,3.69,-0.03,-2.31,9.52,-0.01,0.12,-0.54,-0.12,0.00,0.00,0.99,1.00,0.00,0.00,0.00,
57300.00,37.29,36.00,86146.88,0.15,-0.06,-2.17,9.05,13.62,-0.19,359.94,2.50,23.50,-8.06,-0.06,-0.38,3.75,-0.03,-2.31,9.53,-0.02,0.13,-0.47,-0.12,0.00,0.00,0.99,1.00,0.00,0.00,0.00,
57314.00,37.29,36.00,86148.92,-0.05,-0.01,-2.14,9.23,13.56,-0.19,359.94,2.50,23.06,-8.50,-0.12,-0.56,2.94,-0.03,-2.30,9.53,0.03,0.12,-0.19,-0.12,0.00,0.00,0.99,1.00,0.00,0.00,0.00,
57332.00,37.30,36.00,86150.30,-0.19,0.05,-2.26,9.72,13.50,-0.19,359.94,2.50,23.06,-8.50,0.12,-0.19,2.50,-0.03,-2.29,9.53,0.09,0.01,0.08,-0.12,0.00,0.00,0.99,1.00,0.00,0.00,0.00,
57349.00,37.30,36.00,86147.55,0.35,0.07,-2.31,9.55,13.44,-0.19,359.94,2.50,23.06,-8.50,0.31,0.19,2.50,-0.03,-2.28,9.53,0.10,-0.03,0.02,-0.12,0.00,0.00,0.99,1.00,0.00,0.00,0.00,
57363.00,37.30,36.00,86144.80,0.35,0.02,-2.33,9.47,13.44,-0.19,359.94,2.50,23.06,-8.50,0.44,0.12,3.12,-0.03,-2.27,9.53,0.00,0.08,-0.23,-0.12,0.00,0.00,0.99,1.00,0.00,0.00,0.00,
57381.00,37.30,36.00,86150.30,-0.19,-0.02,-2.15,9.46,13.38,-0.19,359.94,1.75,22.75,-9.75,0.38,-0.31,3.19,-0.03,-2.26,9.54,0.01,0.16,0.00,-0.12,0.00,0.00,0.99,1.00,0.00,0.00,0.00,
57399.00,37.30,36.00,86153.70,-0.52,-0.02,-2.07,9.64,13.31,-0.19,359.94,1.75,22.75,-9.75,-0.12,-0.38,2.31,-0.03,-2.26,9.54,0.01,0.19,0.10,-0.12,0.00,0.00,0.99,1.00,0.00,0.00,0.00,
57416.00,37.30,36.00,86145.47,0.29,0.03,-2.18,9.65,13.31,-0.19,359.94,1.75,24.75,-7.69,-0.44,0.06,0.94,-0.03,-2.26,9.54,0.07,0.07,0.10,-0.12,0.00,0.00,0.99,1.00,0.00,0.00,0.00,
57433.00,37.30,36.00,86147.55,0.08,0.00,-2.26,9.46,13.31,-0.19,359.94,1.75,24.75,-7.69,-0.12,0.12,0.06,-0.03,-2.26,9.54,0.00,0.05,-0.21,-0.12,0.00,0.00,0.99,1.00,0.00,0.00,0.00,
57451.00,37.30,36.00,86150.30,-0.19,-0.05,-2.17,9.33,13.31,-0.19,359.94,1.75,24.75,-7.69,0.00,0.06,-0.44,-0.03,-2.26,9.54,-0.01,0.14,0.00,-0.12,0.00,0.00,0.99,1.00,0.00,0.00,0.00,
57466.00,37.30,36.00,86147.55,0.08,-0.01,-2.11,9.60,13.31,-0.19,359.94,1.75,24.75,-8.50,0.00,-0.25,-1.75,-0.03,-2.26,9.54,0.01,0.15,0.06,-0.12,0.00,0.00,0.99,1.00,0.00,0.00,0.00,
57481.00,37.30,36.00,86148.22,0.02,0.01,-2.17,9.61,13.38,-0.19,359.94,1.75,24.75,-8.50,-0.12,-0.19,-1.88,-0.03,-2.26,9.54,0.07,0.01,0.00,-0.12,0.00,0.00,0.99,1.00,0.00,0.00,0.00,
57498.00,37.30,36.00,86145.47,0.29,0.01,-2.25,9.44,13.38,-0.19,359.94,1.75,24.75,-8.50,0.06,0.06,-1.69,-0.03,-2.27,9.53,0.05,0.01,-0.08,-0.12,0.00,0.00,0.99,1.00,0.00,0.00,0.00,
57514.00,37.30,36.00,86150.96,-0.25,0.00,-2.25,9.43,13.44,-0.19,359.94,2.06,22.38,-8.75,0.12,-0.25,-1.56,-0.03,-2.28,9.53,0.05,0.03,0.04,-0.12,0.00,0.00,0.99,1.00,0.00,0.00,0.00,
57531.00,37.31,36.00,86151.62,-0.32,0.00,-2.26,9.67,13.44,-0.19,359.94,2.06,22.38,-8.75,0.12,-0.12,-1.81,-0.03,-2.28,9.53,0.03,0.04,0.15,-0.12,0.00,0.00,0.99,1.00,0.00,0.00,0.00,
57547.00,37.31,36.00,86143.40,0.22,0.01,-2.24,9.70,13.50,-0.19,359.94,2.06,22.38,-8.75,-0.06,0.62,-2.44,-0.03,-2.29,9.53,0.05,0.04,0.16,-0.12,0.00,0.00,0.99,1.00,0.00,0.00,0.00,
57563.00,37.30,36.00,86148.22,0.02,0.00,-2.32,9.40,13.50,-0.19,359.94,2.06,22.38,-8.75,-0.06,0.88,-1.81,-0.04,-2.29,9.53,0.01,-0.05,-0.24,-0.12,0.00,0.00,0.99,1.00,0.00,0.00,0.00,
57580.00,37.30,36.00,86144.80,0.35,-0.10,-2.35,9.14,13.50,-0.19,359.94,2.06,24.00,-8.88,0.12,0.56,-1.25,-0.04,-2.29,9.53,-0.06,-0.05,-0.38,-0.12,0.00,0.00,0.99,1.00,0.00,0.00,0.00,
57598.00,37.30,36.00,86148.22,0.02,-0.07,-2.20,9.57,13.50,-0.19,359.94,2.06,24.00,-8.88,-0.12,-0.56,0.00,-0.04,-2.29,9.53,-0.03,0.09,0.04,-0.12,0.00,0.00,0.99,1.00,0.00,0.00,0.00,
57617.00,37.30,36.00,86150.30,-0.19,-0.07,-2.19,9.68,13.50,-0.19,359.94,2.88,24.75,-7.69,-0.25,-0.44,0.31,-0.04,-2.29,9.53,0.00,0.08,0.20,-0.12,0.00,0.00,0.99,1.00,0.00,0.00,0.00,
57635.00,37.30,36.00,86148.22,0.02,0.04,-2.32,9.56,13.50,-0.19,359.94,2.88,24.75,-7.69,-0.31,0.06,0.25,-0.04,-2.29,9.53,0.10,-0.07,-0.08,-0.12,0.00,0.00,0.99,1.00,0.00,0.00,0.00,
57652.00,37.30,36.00,86145.47,0.29,0.05,-2.38,9.35,13.50,-0.19,359.94,2.88,24.75,-7.69,-0.25,0.06,0.25,-0.04,-2.29,9.53,0.03,-0.09,-0.20,-0.12,0.00,0.00,0.99,1.00,0.00,0.00,0.00,
57671.00,37.31,36.00,86146.14,0.22,-0.02,-2.22,9.48,13.50,-0.19,359.94,2.88,24.38,-8.88,0.06,-0.38,0.12,-0.04,-2.29,9.53,0.00,0.13,0.05,-0.12,0.00,0.00,0.99,1.00,0.00,0.00,0.00,
57688.00,37.30,36.00,86144.80,0.35,0.00,-2.14,9.66,13.50,-0.19,359.94,2.88,24.38,-8.88,-0.25,-0.31,0.75,-0.04,-2.29,9.53,0.05,0.15,0.13,-0.12,0.00,0.00,0.99,1.00,0.00,0.00,0.00,
57704.00,37.30,36.00,86145.47,0.29,0.03,-2.18,9.65,13.50,-0.19,359.94,2.88,24.38,-8.88,-0.12,0.38,1.56,-0.04,-2.29,9.53,0.06,0.05,-0.04,-0.12,0.00,0.00,0.99,1.00,0.00,0.00,0.00,
57718.00,37.30,36.00,86139.98,0.82,0.02,-2.23,9.40,13.50,-0.19,359.94,2.06,23.69,-9.38,0.19,0.19,1.62,-0.04,-2.29,9.53,0.06,0.05,-0.12,-0.12,0.00,0.00,0.99,1.00,0.00,0.00,0.00,
57735.00,37.30,36.00,86145.47,-0.25,-0.02,-2.20,9.43,13.50,-0.19,359.94,2.06,23.69,-9.38,0.31,-0.25,0.12,-0.04,-2.28,9.53,0.00,0.12,0.01,-0.12,0.00,0.00,0.99,1.00,0.00,0.00,0.00,
57753.00,37.30,36.00,86145.47,0.29,-0.05,-2.18,9.67,13.50,-0.19,359.94,2.06,23.69,-9.38,0.25,0.00,-1.62,-0.04,-2.29,9.53,0.00,0.07,0.15,-0.12,0.00,0.00,0.99,1.00,0.00,0.00,0.00,
57767.00,37.30,36.00,86147.55,0.08,-0.01,-2.25,9.62,13.50,-0.19,359.94,1.75,22.88,-7.69,0.00,0.50,-2.25,-0.04,-2.29,9.53,0.02,0.04,0.09,-0.12,0.00,0.00,0.99,1.00,0.00,0.00,0.00,
57784.00,37.30,36.00,86148.22,0.02,0.02,-2.28,9.48,13.56,-0.19,359.94,1.75,22.88,-7.69,0.12,0.50,-2.62,-0.04,-2.30,9.53,0.05,0.05,-0.14,-0.12,0.00,0.00,0.99,1.00,0.00,0.00,0.00,
57802.00,37.30,36.00,86148.22,0.02,-0.01,-2.30,9.39,13.62,-0.19,359.94,1.75,22.88,-7.69,-0.06,0.00,-2.69,-0.04,-2.31,9.52,0.01,-0.01,-0.15,-0.12,0.00,0.00,0.99,1.00,0.00,0.00,0.00,
57816.00,37.31,36.00,86137.91,1.03,-0.03,-2.33,9.55,13.62,-0.19,359.94,2.50,23.88,-8.50,0.06,-0.31,-2.44,-0.04,-2.31,9.52,0.00,-0.01,0.03,-0.12,0.00,0.00,0.99,1.00,0.00,0.00,0.00,
57834.00,37.30,36.00,86144.80,0.35,-0.01,-2.33,9.58,13.69,-0.19,359.94,2.50,23.88,-8.50,0.19,-0.19,-0.62,-0.04,-2.32,9.52,0.01,0.05,0.00,-0.12,0.00,0.00,0.99,1.00,0.00,0.00,0.00,
57852.00,37.31,36.00,86140.66,0.76,0.00,-2.22,9.49,13.69,-0.19,359.94,2.50,23.88,-8.50,0.06,0.12,0.31,-0.04,-2.32,9.52,0.01,0.10,0.02,-0.12,0.00,0.00,0.99,1.00,0.00,0.00,0.00,
57869.00,37.31,36.00,86140.66,0.76,-0.03,-2.29,9.45,13.62,-0.19,359.94,2.06,23.19,-7.69,-0.38,0.44,1.06,-0.04,-2.31,9.52,0.00,0.02,-0.07,-0.12,0.00,0.00,0.99,1.00,0.00,0.00,0.00,
57886.00,37.30,36.00,86150.96,0.29,-0.04,-2.34,9.45,13.62,-0.19,359.94,2.06,23.19,-7.69,-0.25,0.38,1.19,-0.04,-2.31,9.52,0.00,-0.01,-0.23,-0.12,0.00,0.00,0.99,1.00,0.00,0.00,0.00,
57904.00,37.30,36.00,86142.73,0.55,-0.03,-2.30,9.32,13.62,-0.19,359.94,2.06,23.19,-7.69,-0.06,-0.50,1.25,-0.04,-2.31,9.53,0.00,0.05,-0.18,-0.12,0.00,0.00,0.99,1.00,0.00,0.00,0.00,
57921.00,37.31,36.00,86146.14,0.22,-0.05,-2.21,9.41,13.56,-0.19,359.94,2.50,22.38,-8.06,0.12,-0.75,1.25,-0.03,-2.30,9.53,-0.01,0.09,-0.11,-0.12,0.00,0.00,0.99,1.00,0.00,0.00,0.00,
57938.00,37.31,36.00,86148.88,-0.05,0.00,-2.25,9.61,13.56,-0.19,359.94,2.50,22.38,-8.06,-0.25,-0.56,1.06,-0.03,-2.30,9.53,0.02,0.05,0.08,-0.12,0.00,0.00,0.99,1.00,0.00,0.00,0.00,
57955.00,37.31,36.00,86146.14,0.22,0.00,-2.28,9.58,13.56,-0.19,359.94,2.50,22.38,-8.06,-0.44,-0.44,1.44,-0.03,-2.30,9.53,0.06,0.01,0.06,-0.12,0.00,0.00,0.99,1.00,0.00,0.00,0.00,
57969.00,37.31,36.00,86148.88,-0.05,0.02,-2.30,9.52,13.50,-0.19,359.94,2.06,23.56,-8.50,-0.38,-0.12,1.69,-0.03,-2.29,9.53,0.06,0.00,-0.01,-0.12,0.00,0.00,0.99,1.00,0.00,0.00,0.00,
57986.00,37.31,36.00,86146.14,0.22,0.04,-2.24,9.56,13.50,-0.19,359.94,2.06,23.56,-8.50,0.00,-0.31,1.88,-0.03,-2.29,9.53,0.04,0.03,0.05,-0.12,0.00,0.00,0.99,1.00,0.00,0.00,0.00,
58004.00,37.31,36.00,86143.40,0.49,0.02,-2.14,9.56,13.44,-0.19,359.94,2.06,23.56,-8.50,-0.19,-0.19,0.81,-0.03,-2.28,9.53,0.04,0.15,0.12,-0.12,0.00,0.00,0.99,1.00,0.00,0.00,0.00,
58022.00,37.30,36.00,86145.47,0.29,-0.01,-2.20,9.59,13.44,-0.19,359.94,1.75,23.56,-8.50,-0.19,0.44,-0.12,-0.03,-2.28,9.53,0.02,0.04,0.04,-0.12,0.00,0.00,0.99,1.00,0.00,0.00,0.00,
58040.00,37.31,36.00,86146.81,0.15,-0.02,-2.26,9.37,13.50,-0.19,359.94,1.75,23.56,-8.50,0.12,0.69,-1.75,-0.03,-2.29,9.53,0.01,0.03,-0.16,-0.12,0.00,0.00,0.99,1.00,0.00,0.00,0.00,
58055.00,37.31,36.00,86146.14,0.22,-0.02,-2.21,9.40,13.56,-0.19,359.94,1.75,23.56,-8.50,0.38,0.31,-2.88,-0.04,-2.30,9.53,0.00,0.18,-0.03,-0.12,0.00,0.00,0.99,1.00,0.00,0.00,0.00,
58070.00,37.31,36.00,86144.06,0.42,0.00,-2.14,9.54,13.56,-0.19,359.94,2.50,23.19,-9.38,0.31,0.12,-3.56,-0.04,-2.30,9.53,0.03,0.16,0.00,-0.12,0.00,0.00,0.99,1.00,0.00,0.00,0.00,
58084.00,37.30,36.00,86150.96,-0.25,-0.02,-2.23,9.61,13.62,-0.19,359.94,2.50,23.19,-9.38,0.12,0.25,-4.00,-0.04,-2.32,9.52,0.02,0.00,0.02,-0.12,0.00,0.00,0.99,1.00,0.00,0.00,0.00,
58102.00,37.31,36.00,86146.14,0.22,-0.01,-2.41,9.43,13.69,-0.19,359.94,2.50,23.19,-9.38,0.25,0.50,-3.62,-0.04,-2.32,9.52,0.02,-0.08,-0.09,-0.12,0.00,0.00,0.99,1.00,0.00,0.00,0.00,
58116.00,37.31,36.00,86149.55,-0.11,-0.02,-2.40,9.29,13.75,-0.19,359.94,2.06,24.00,-9.38,0.25,0.00,-2.75,-0.04,-2.33,9.52,0.04,0.00,-0.14,-0.12,0.00,0.00,0.99,1.00,0.00,0.00,0.00,
58134.00,37.31,36.00,86146.14,0.22,0.00,-2.29,9.42,13.75,-0.19,359.94,2.06,24.00,-9.38,-0.06,-0.25,-0.94,-0.04,-2.34,9.52,0.04,0.08,-0.04,-0.12,0.00,0.00,0.99,1.00,0.00,0.00,0.00,
58151.00,37.31,36.00,86149.55,-0.11,-0.02,-2.28,9.53,13.75,-0.19,359.94,2.06,24.00,-9.38,-0.19,-0.06,0.12,-0.04,-2.34,9.52,0.01,0.05,0.01,-0.12,0.00,0.00,0.99,1.00,0.00,0.00,0.00,
58165.00,37.30,36.00,86145.47,0.29,-0.01,-2.34,9.39,13.75,-0.19,359.94,2.06,24.00,-9.38,-0.25,-0.06,2.31,-0.04,-2.33,9.52,0.04,0.00,-0.17,-0.12,0.00,0.00,0.99,1.00,0.00,0.00,0.00,
58184.00,37.30,36.00,86142.73,0.55,0.00,-2.32,9.28,13.69,-0.19,359.94,2.06,23.19,-8.06,-0.31,-0.56,3.69,-0.04,-2.32,9.52,-0.05,0.01,-0.04,-0.12,0.00,0.00,0.99,1.00,0.00,0.00,0.00,
58201.00,37.29,36.00,86144.13,0.42,-0.09,-2.30,9.60,13.62,-0.19,359.94,2.06,23.19,-8.06,-0.38,-0.62,3.56,-0.03,-2.31,9.52,-0.05,0.01,0.07,-0.12,0.00,0.00,0.99,1.00,0.00,0.00,0.00,
58215.00,37.31,36.00,86141.32,0.69,-0.04,-2.29,9.70,13.56,-0.19,359.94,2.06,24.00,-8.06,-0.25,-0.19,3.06,-0.03,-2.30,9.53,0.04,0.03,0.14,-0.12,0.00,0.00,0.99,1.00,0.00,0.00,0.00,
58234.00,37.31,36.00,86143.40,0.49,0.04,-2.22,9.45,13.56,-0.19,359.94,2.06,24.00,-8.06,-0.31,-0.25,3.00,-0.03,-2.29,9.53,0.05,0.08,-0.09,-0.12,0.00,0.00,0.99,1.00,0.00,0.00,0.00,
58251.00,37.32,36.00,86150.22,-0.18,-0.02,-2.19,9.53,13.50,-0.19,359.94,2.06,24.00,-8.06,-0.19,-0.50,2.31,-0.03,-2.29,9.53,0.01,0.09,0.00,-0.12,0.00,0.00,0.99,1.00,0.00,0.00,0.00,
58268.00,37.31,36.00,86151.62,-0.32,-0.02,-2.18,9.64,13.50,-0.19,359.94,2.50,23.25,-9.75,-0.06,-0.19,0.12,-0.03,-2.29,9.53,0.05,0.15,0.18,-0.12,0.00,0.00,0.99,1.00,0.00,0.00,0.00,
58286.00,37.30,36.00,86150.96,-0.25,0.05,-2.15,9.66,13.50,-0.19,359.94,2.50,23.25,-9.75,0.19,0.62,-1.81,-0.04,-2.29,9.53,0.09,0.09,0.01,-0.12,0.00,0.00,0.99,1.00,0.00,0.00,0.00,
58303.00,37.31,36.00,86146.81,0.15,0.01,-2.18,9.50,13.56,-0.19,359.94,2.50,23.25,-9.75,0.38,0.69,-2.44,-0.04,-2.30,9.53,0.01,0.11,-0.10,-0.12,0.00,0.00,0.99,1.00,0.00,0.00,0.00,
58318.00,37.32,36.00,86152.97,-0.45,-0.04,-2.18,9.48,13.62,-0.19,359.94,1.75,23.69,-8.88,0.50,0.38,-3.50,-0.04,-2.31,9.53,0.00,0.13,-0.04,-0.12,0.00,0.00,0.99,1.00,0.00,0.00,0.00,
58332.00,37.31,36.00,86149.55,-0.11,-0.06,-2.18,9.56,13.62,-0.19,359.94,1.75,23.69,-8.88,0.31,0.31,-3.81,-0.04,-2.31,9.52,-0.01,0.13,0.04,-0.12,0.00,0.00,0.99,1.00,0.00,0.00,0.00,
58349.00,37.31,36.00,86149.55,-0.11,-0.05,-2.28,9.47,13.69,-0.19,359.94,1.75,23.69,-8.88,0.12,0.31,-3.69,-0.04,-2.32,9.52,-0.01,0.04,-0.05,-0.12,0.00,0.00,0.99,1.00,0.00,0.00,0.00,
58364.00,37.31,36.00,86152.30,-0.38,-0.06,-2.32,9.34,13.75,-0.19,359.94,1.75,23.69,-8.88,-0.06,0.12,-2.00,-0.04,-2.33,9.52,-0.01,0.00,-0.37,-0.12,0.00,0.00,0.99,1.00,0.00,0.00,0.00,
58382.00,37.31,36.00,86151.62,-0.32,-0.07,-2.38,9.22,13.75,-0.19,359.94,1.75,23.25,-8.50,0.00,-0.44,-1.06,-0.04,-2.33,9.52,-0.02,-0.04,-0.29,-0.12,0.00,0.00,0.99,1.00,0.00,0.00,0.00,
58400.00,37.31,36.00,86146.14,0.22,-0.05,-2.30,9.49,13.75,-0.19,359.94,1.75,23.25,-8.50,-0.25,-1.00,0.25,-0.03,-2.33,9.52,-0.01,0.02,-0.02,-0.12,0.00,0.00,0.99,1.00,0.00,0.00,0.00,
58415.00,37.32,36.00,86147.48,0.09,-0.01,-2.25,9.60,13.75,-0.19,359.94,1.75,23.25,-8.50,-0.50,-0.44,1.56,-0.03,-2.33,9.52,0.08,0.01,0.06,-0.12,0.00,0.00,0.99,1.00,0.00,0.00,0.00,
58432.00,37.31,36.00,86148.88,-0.05,0.06,-2.33,9.53,13.75,-0.19,359.94,2.50,24.38,-8.88,-0.50,-0.50,2.06,-0.03,-2.33,9.52,0.10,0.00,0.01,-0.12,0.00,0.00,0.99,1.00,0.00,0.00,0.00,
58449.00,37.31,36.00,86151.62,-0.32,0.03,-2.30,9.59,13.69,-0.19,359.94,2.50,24.38,-8.88,-0.50,-0.50,2.25,-0.03,-2.32,9.52,0.07,0.02,0.06,-0.12,0.00,0.00,0.99,1.00,0.00,0.00,0.00,
58464.00,37.31,36.00,86152.30,-0.38,0.00,-2.27,9.68,13.69,-0.19,359.94,2.50,24.38,-8.88,-0.38,-0.12,2.19,-0.03,-2.31,9.52,0.00,0.03,0.14,-0.12,0.00,0.00,0.99,1.00,0.00,0.00,0.00,
58481.00,37.31,36.00,86148.88,-0.05,-0.02,-2.26,9.59,13.62,-0.19,359.94,2.88,24.38,-8.06,0.19,0.19,1.06,-0.03,-2.31,9.52,0.01,0.05,0.06,-0.12,0.00,0.00,0.99,1.00,0.00,0.00,0.00,
58498.00,37.31,36.00,86148.88,-0.05,0.01,-2.21,9.45,13.62,-0.19,359.94,2.88,24.38,-8.06,0.38,0.50,-0.50,-0.03,-2.31,9.52,0.06,0.14,-0.05,-0.12,0.00,0.00,0.99,1.00,0.00,0.00,0.00,
58513.00,37.31,36.00,86143.40,-0.32,0.03,-2.12,9.49,13.62,-0.19,359.94,2.88,24.38,-8.06,0.50,0.56,-1.00,-0.03,-2.31,9.52,0.07,0.19,-0.03,-0.12,0.00,0.00,0.99,1.00,0.00,0.00,0.00,
58524.00,37.31,36.00,86141.32,0.69,0.00,-2.11,9.53,13.69,-0.19,359.94,2.06,24.38,-8.50,0.38,0.31,-1.56,-0.03,-2.32,9.52,-0.01,0.06,0.03,-0.12,0.00,0.00,0.99,1.00,0.00,0.00,0.00,
58542.00,37.31,36.00,86146.14,0.22,-0.06,-2.30,9.44,13.69,-0.19,359.94,2.06,24.38,-8.50,0.06,0.50,-2.06,-0.03,-2.32,9.52,-0.02,0.01,-0.08,-0.12,0.00,0.00,0.99,1.00,0.00,0.00,0.00,
58557.00,37.32,36.00,86152.97,-0.45,-0.03,-2.29,9.37,13.75,-0.19,359.94,2.06,24.38,-8.50,0.19,0.38,-1.44,-0.03,-2.33,9.52,0.00,0.03,-0.15,-0.12,0.00,0.00,0.99,1.00,0.00,0.00,0.00,
58575.00,37.32,36.00,86144.73,0.36,-0.04,-2.30,9.40,13.75,-0.19,359.94,2.50,24.75,-7.69,-0.12,0.00,-0.88,-0.03,-2.33,9.52,-0.01,0.00,-0.11,-0.12,0.00,0.00,0.99,1.00,0.00,0.00,0.00,
58593.00,37.31,36.00,86146.14,0.22,-0.02,-2.33,9.45,13.75,-0.19,359.94,2.50,24.75,-7.69,-0.31,-0.12,-0.50,-0.03,-2.33,9.52,0.00,0.02,-0.13,-0.12,0.00,0.00,0.99,1.00,0.00,0.00,0.00,
58608.00,37.31,36.00,86144.06,0.42,-0.02,-2.25,9.45,13.75,-0.19,359.94,2.50,24.75,-7.69,-0.19,-0.12,0.94,-0.03,-2.33,9.52,0.01,0.07,-0.07,-0.12,0.00,0.00,0.99,1.00,0.00,0.00,0.00,
58622.00,37.31,36.00,86146.81,0.15,0.00,-2.23,9.52,13.75,-0.19,359.94,2.50,24.00,-9.38,-0.19,-0.38,1.56,-0.03,-2.33,9.52,0.02,0.09,0.00,-0.12,0.00,0.00,0.99,1.00,0.00,0.00,0.00,
58640.00,37.31,36.00,86148.88,-0.05,0.00,-2.27,9.55,13.69,-0.19,359.94,2.50,24.00,-9.38,-0.38,-0.19,2.19,-0.03,-2.32,9.52,0.02,0.04,0.03,-0.12,0.00,0.00,0.99,1.00,0.00,0.00,0.00,
58656.00,37.32,36.00,86152.97,-0.45,-0.01,-2.29,9.55,13.62,-0.19,359.94,2.50,24.00,-9.38,-0.12,-0.38,1.31,-0.03,-2.31,9.52,0.01,0.01,0.00,-0.12,0.00,0.00,0.99,1.00,0.00,0.00,0.00,
58674.00,37.31,36.00,86146.81,0.15,-0.02,-2.27,9.54,13.62,-0.19,359.94,2.06,24.38,-7.69,0.19,-0.12,0.56,-0.03,-2.31,9.52,0.02,0.12,-0.04,-0.12,0.00,0.00,0.99,1.00,0.00,0.00,0.00,
58692.00,37.32,36.00,86150.22,-0.18,0.01,-2.11,9.52,13.62,-0.19,359.94,2.06,24.38,-7.69,0.19,-0.19,-0.56,-0.03,-2.31,9.52,0.05,0.20,0.00,-0.12,0.00,0.00,0.99,1.00,0.00,0.00,0.00,
58708.00,37.31,36.00,86143.40,0.49,0.02,-2.09,9.62,13.69,-0.19,359.94,2.06,24.38,-7.69,-0.25,0.00,-1.12,-0.03,-2.32,9.52,0.05,0.15,0.11,-0.12,0.00,0.00,0.99,1.00,0.00,0.00,0.00,
58722.00,37.31,36.00,86141.32,0.69,-0.01,-2.30,9.60,13.69,-0.19,359.94,1.75,23.25,-8.50,-0.12,0.12,-1.31,-0.03,-2.32,9.52,0.01,0.02,0.07,-0.12,0.00,0.00,0.99,1.00,0.00,0.00,0.00,
58740.00,37.31,36.00,86143.40,0.49,-0.01,-2.34,9.47,13.69,-0.19,359.94,1.75,23.25,-8.50,0.19,0.12,-1.56,-0.03,-2.32,9.52,0.02,-0.01,-0.04,-0.12,0.00,0.00,0.99,1.00,0.00,0.00,0.00,
58756.00,37.32,36.00,86147.48,0.09,-0.02,-2.36,9.44,13.75,-0.19,359.94,1.75,23.25,-8.50,0.44,0.38,-0.88,-0.03,-2.33,9.52,0.01,0.06,-0.15,-0.12,0.00,0.00,0.99,1.00,0.00,0.00,0.00,
58774.00,37.32,36.00,86147.48,0.09,-0.02,-2.16,9.44,13.75,-0.19,359.94,2.50,24.00,-9.38,0.38,0.12,-0.31,-0.03,-2.33,9.52,-0.01,0.18,0.04,-0.12,0.00,0.00,0.99,1.00,0.00,0.00,0.00,
58792.00,37.32,36.00,86144.73,0.36,-0.01,-2.22,9.54,13.75,-0.19,359.94,2.50,24.00,-9.38,-0.31,0.06,0.69,-0.03,-2.33,9.52,0.01,0.10,0.01,-0.12,0.00,0.00,0.99,1.00,0.00,0.00,0.00,
58808.00,37.32,36.00,86147.48,0.09,-0.02,-2.26,9.49,13.69,-0.19,359.94,2.50,24.00,-9.38,-0.62,0.38,1.19,-0.03,-2.32,9.52,-0.01,0.00,-0.11,-0.12,0.00,0.00,0.99,1.00,0.00,0.00,0.00,
58822.00,37.31,36.00,86141.32,0.69,-0.04,-2.39,9.31,13.69,-0.19,359.94,2.50,23.69,-9.38,-0.56,0.00,1.44,-0.03,-2.32,9.52,0.00,-0.06,-0.21,-0.12,0.00,0.00,0.99,1.00,0.00,0.00,0.00,
58840.00,37.32,36.00,86144.73,0.36,-0.01,-2.34,9.34,13.69,-0.19,359.94,2.50,23.69,-9.38,-0.12,-0.75,1.38,-0.03,-2.32,9.52,0.01,-0.02,-0.18,-0.12,0.00,0.00,0.99,1.00,0.00,0.00,0.00,
58857.00,37.32,36.00,86144.73,0.36,-0.05,-2.25,9.54,13.62,-0.19,359.94,2.50,23.69,-9.38,0.06,-0.81,1.50,-0.03,-2.31,9.52,-0.01,0.14,0.11,-0.12,0.00,0.00,0.99,1.00,0.00,0.00,0.00,
58872.00,37.32,36.00,86141.98,0.63,0.04,-2.17,9.78,13.62,-0.19,359.94,2.06,24.00,-8.50,-0.12,-0.31,1.44,-0.03,-2.31,9.52,0.08,0.14,0.26,-0.12,0.00,0.00,0.99,1.00,0.00,0.00,0.00,
58889.00,37.31,36.00,86146.81,0.15,0.09,-2.18,9.78,13.62,-0.19,359.94,2.06,24.00,-8.50,-0.50,0.00,1.44,-0.03,-2.31,9.53,0.15,0.09,0.14,-0.12,0.00,0.00,0.99,1.00,0.00,0.00,0.00,
58907.00,37.31,36.00,86146.81,0.15,0.10,-2.28,9.61,13.56,-0.19,359.94,2.06,24.00,-8.50,-0.06,-0.06,1.25,-0.03,-2.30,9.53,0.02,0.00,-0.06,-0.12,0.00,0.00,0.99,1.00,0.00,0.00,0.00,
58925.00,37.32,36.00,86141.98,0.63,-0.07,-2.23,9.41,13.56,-0.19,359.94,2.50,24.38,-8.06,0.12,0.00,0.81,-0.03,-2.30,9.53,-0.05,0.15,-0.06,-0.12,0.00,0.00,0.99,1.00,0.00,0.00,0.00,
58942.00,37.31,36.00,86140.66,0.76,-0.06,-2.04,9.54,13.56,-0.19,359.94,2.50,24.38,-8.06,0.31,0.25,-0.94,-0.03,-2.30,9.53,-0.02,0.25,0.01,-0.12,0.00,0.00,0.99,1.00,0.00,0.00,0.00,
58958.00,37.32,36.00,86145.43,0.29,-0.02,-2.11,9.53,13.62,-0.19,359.94,2.50,24.38,-8.06,0.25,0.75,-2.62,-0.03,-2.31,9.52,0.00,0.08,-0.05,-0.12,0.00,0.00,0.99,1.00,0.00,0.00,0.00,
58973.00,37.31,36.00,86138.58,0.96,-0.01,-2.30,9.44,13.62,-0.19,359.94,1.75,24.00,-7.69,0.38,0.44,-3.06,-0.03,-2.31,9.52,0.01,0.01,-0.08,-0.12,0.00,0.00,0.99,1.00,0.00,0.00,0.00,
58990.00,37.32,36.00,86150.92,-0.25,-0.02,-2.36,9.32,13.69,-0.19,359.94,1.75,24.00,-7.69,0.31,-0.06,-1.69,-0.03,-2.32,9.52,0.00,-0.03,-0.19,-0.12,0.00,0.00,0.99,1.00,0.00,0.00,0.00,
59007.00,37.32,36.00,86152.97,-0.45,-0.04,-2.30,9.46,13.69,-0.19,359.94,1.75,24.00,-7.69,-0.06,-0.56,0.38,-0.03,-2.32,9.52,-0.01,0.12,0.06,-0.12,0.00,0.00,0.99,1.00,0.00,0.00,0.00,
59025.00,37.32,36.00,86141.98,0.63,0.00,-2.24,9.71,13.69,-0.19,359.94,2.06,24.25,-8.06,-0.31,-0.50,1.12,-0.03,-2.32,9.52,0.07,0.00,0.11,-0.12,0.00,0.00,0.99,1.00,0.00,0.00,0.00,
59043.00,37.32,36.00,86144.73,0.36,0.03,-2.37,9.49,13.62,-0.19,0.00,2.06,24.25,-8.06,-0.62,0.31,2.00,-0.03,-2.31,9.52,0.06,-0.05,-0.03,-0.12,0.00,0.00,0.99,1.00,0.00,0.00,0.00,
59058.00,37.32,36.00,86150.22,-0.45,0.00,-2.38,9.20,13.62,-0.19,0.00,2.06,24.25,-8.06,-0.06,0.25,2.50,-0.03,-2.31,9.53,-0.03,0.02,-0.33,-0.12,0.00,0.00,0.99,1.00,0.00,0.00,0.00,
59074.00,37.32,36.00,86144.73,0.36,-0.07,-2.18,9.34,13.56,-0.19,0.00,2.88,23.88,-8.50,0.00,-0.31,2.56,-0.03,-2.30,9.53,-0.03,0.12,-0.18,-0.12,0.00,0.00,0.99,1.00,0.00,0.00,0.00,
59091.00,37.32,36.00,86141.98,0.63,-0.04,-2.07,9.51,13.50,-0.12,0.00,2.88,23.88,-8.50,-0.31,-0.75,2.19,-0.03,-2.29,9.53,0.03,0.13,0.20,-0.12,0.00,0.00,0.99,1.00,0.00,0.00,0.00,
59108.00,37.31,36.00,86141.32,0.15,0.04,-2.20,9.71,13.50,-0.12,0.00,2.88,23.88,-8.50,-0.19,0.12,1.19,-0.03,-2.29,9.53,0.08,0.06,0.09,-0.12,0.00,0.00,0.99,1.00,0.00,0.00,0.00,
59126.00,37.32,36.00,86141.98,0.63,0.03,-2.22,9.59,13.50,-0.12,0.00,2.50,24.69,-7.69,0.06,0.06,-0.38,-0.03,-2.29,9.53,0.00,0.10,0.04,-0.12,0.00,0.00,0.99,1.00,0.00,0.00,0.00,
59144.00,37.32,36.00,86150.22,-0.18,-0.03,-2.14,9.57,13.50,-0.12,0.00,2.50,24.69,-7.69,0.19,-0.06,-1.25,-0.03,-2.29,9.53,0.00,0.14,0.04,-0.12,0.00,0.00,0.99,1.00,0.00,0.00,0.00,
59159.00,37.32,36.00,86144.73,0.36,-0.02,-2.11,9.68,13.56,-0.12,359.94,2.50,24.69,-7.69,0.19,0.38,-2.75,-0.03,-2.30,9.53,0.04,0.17,0.11,-0.12,0.00,0.00,0.99,1.00,0.00,0.00,0.00,
59174.00,37.31,36.00,86144.06,0.42,0.06,-2.23,9.41,13.56,-0.12,359.94,2.06,22.75,-9.75,0.31,0.38,-3.06,-0.03,-2.30,9.53,0.09,0.07,-0.11,-0.12,0.00,0.00,0.99,1.00,0.00,0.00,0.00,
59191.00,37.31,36.00,86141.32,0.69,-0.03,-2.21,9.31,13.62,-0.12,359.94,2.06,22.75,-9.75,0.06,0.25,-3.38,-0.03,-2.31,9.52,0.00,0.10,-0.21,-0.12,0.00,0.00,0.99,1.00,0.00,0.00,0.00,
59208.00,37.32,36.00,86147.48,0.09,-0.09,-2.28,9.49,13.69,-0.12,359.94,2.06,22.75,-9.75,0.19,-0.06,-2.81,-0.03,-2.32,9.52,-0.04,0.03,0.06,-0.12,0.00,0.00,0.99,1.00,0.00,0.00,0.00,
59222.00,37.32,36.00,86141.98,0.63,-0.05,-2.31,9.62,13.75,-0.12,359.94,1.75,23.69,-9.38,0.06,0.06,-2.00,-0.03,-2.33,9.52,-0.02,0.01,0.10,-0.12,0.00,0.00,0.99,1.00,0.00,0.00,0.00,
59239.00,37.32,36.00,86150.22,-0.18,-0.01,-2.31,9.60,13.75,-0.12,359.94,1.75,23.69,-9.38,0.06,0.25,-1.00,-0.03,-2.33,9.52,0.03,0.02,-0.14,-0.12,0.00,0.00,0.99,1.00,0.00,0.00,0.00,
59258.00,37.32,36.00,86139.94,0.83,0.00,-2.27,9.32,13.75,-0.12,359.94,1.75,23.69,-9.38,-0.19,-0.19,0.12,-0.03,-2.33,9.52,0.01,0.08,-0.20,-0.12,0.00,0.00,0.99,1.00,0.00,0.00,0.00,
59276.00,37.32,36.00,86152.97,-0.45,-0.02,-2.28,9.35,13.75,-0.12,359.94,2.50,23.25,-8.50,-0.19,-0.44,0.50,-0.02,-2.33,9.52,-0.02,0.05,0.09,-0.12,0.00,0.00,0.99,1.00,0.00,0.00,0.00,
59293.00,37.32,36.00,86145.43,0.29,-0.03,-2.27,9.64,13.75,-0.12,359.94,2.50,23.25,-8.50,-0.31,-0.56,0.50,-0.02,-2.33,9.52,0.00,0.05,0.12,-0.12,0.00,0.00,0.99,1.00,0.00,0.00,0.00,
59309.00,37.32,36.00,86141.98,0.63,0.00,-2.28,9.68,13.75,-0.12,359.94,2.50,23.25,-8.50,0.00,0.19,0.94,-0.02,-2.33,9.52,0.04,0.05,0.13,-0.12,0.00,0.00,0.99,1.00,0.00,0.00,0.00,
59327.00,37.32,36.00,86141.98,0.63,0.00,-2.22,9.40,13.75,-0.12,359.94,1.38,23.69,-8.06,0.00,0.31,1.12,-0.02,-2.33,9.52,0.02,0.13,-0.19,-0.12,0.00,0.00,0.99,1.00,0.00,0.00,0.00,
59344.00,37.33,36.00,86148.84,-0.04,0.00,-2.19,9.37,13.69,-0.12,359.94,1.38,23.69,-8.06,0.00,-0.12,1.19,-0.02,-2.32,9.52,0.02,0.13,-0.15,-0.12,0.00,0.00,0.99,1.00,0.00,0.00,0.00,
59360.00,37.31,36.00,86144.06,0.42,0.00,-2.25,9.64,13.69,-0.12,359.94,1.38,23.69,-8.06,-0.31,-0.19,0.94,-0.02,-2.32,9.52,0.02,0.07,0.11,-0.12,0.00,0.00,0.99,1.00,0.00,0.00,0.00,
59377.00,37.31,36.00,86144.06,0.42,0.00,-2.25,9.64,13.69,-0.12,359.94,1.38,23.69,-8.06,-0.06,0.12,0.94,-0.02,-2.32,9.52,0.03,0.05,0.00,-0.12,0.00,0.00,0.99,1.00,0.00,0.00,0.00,
59395.00,37.32,36.00,86148.17,0.02,0.03,-2.27,9.44,13.69,-0.12,359.94,1.38,23.69,-8.06,0.00,0.38,0.62,-0.02,-2.32,9.52,0.06,0.04,-0.07,-0.12,0.00,0.00,0.99,1.00,0.00,0.00,0.00,
59410.00,37.32,36.00,86142.69,0.56,-0.05,-2.30,9.33,13.69,-0.19,0.00,1.38,23.69,-8.06,0.38,1.00,-0.12,-0.03,-2.32,9.52,-0.02,0.01,-0.18,-0.12,0.00,0.00,0.99,1.00,0.00,0.00,0.00,
59427.00,37.31,36.00,86146.81,0.15,-0.03,-2.23,9.39,13.69,-0.19,0.00,2.88,24.38,-8.06,0.00,-0.44,1.12,-0.03,-2.31,9.52,-0.01,0.16,0.05,-0.12,0.00,0.00,0.99,1.00,0.00,0.00,0.00,
59445.00,37.32,36.00,86150.92,-0.25,-0.06,-2.19,9.68,13.62,-0.12,360.00,2.88,24.38,-8.06,0.00,-0.88,1.44,-0.03,-2.31,9.52,-0.03,0.12,0.15,-0.12,0.00,0.00,0.99,1.00,0.00,0.00,0.00,
59460.00,37.32,36.00,86145.43,0.29,-0.10,-2.23,9.60,13.62,-0.12,359.94,2.88,24.38,-8.06,-0.12,-0.12,0.56,-0.02,-2.31,9.52,-0.07,0.08,0.07,-0.12,0.00,0.00,0.99,1.00,0.00,0.00,0.00,
59477.00,37.32,36.00,86150.92,0.02,-0.07,-2.19,9.60,13.62,-0.12,359.94,2.50,24.75,-8.88,0.06,0.19,0.00,-0.02,-2.31,9.52,0.00,0.18,-0.10,-0.12,0.00,0.00,0.99,1.00,0.00,0.00,0.00,
59495.00,37.32,36.00,86141.98,0.63,-0.02,-2.07,9.27,13.62,-0.12,359.94,2.50,24.75,-8.88,-0.06,0.44,-0.06,-0.02,-2.31,9.52,0.00,0.23,-0.25,-0.12,0.00,0.00,0.99,1.00,0.00,0.00,0.00,
59510.00,37.32,36.00,86145.43,0.29,0.01,-2.28,9.38,13.62,-0.12,359.94,2.50,24.75,-8.88,-0.31,0.19,0.81,-0.02,-2.31,9.52,0.04,0.02,-0.14,-0.12,0.00,0.00,0.99,1.00,0.00,0.00,0.00,
59528.00,37.32,36.00,86150.22,-0.18,0.07,-2.27,9.47,13.62,-0.12,359.94,2.06,24.75,-9.00,-0.19,-0.88,-0.38,-0.02,-2.31,9.52,0.09,0.01,0.11,-0.12,0.00,0.00,0.99,1.00,0.00,0.00,0.00,
59547.00,37.33,36.00,86146.09,0.22,0.00,-2.32,9.78,13.62,-0.12,359.94,2.06,24.75,-9.00,-0.12,-0.31,-0.19,-0.02,-2.31,9.52,0.04,-0.05,0.24,-0.12,0.00,0.00,0.99,1.00,0.00,0.00,0.00,
59561.00,37.32,36.00,86141.98,0.63,0.01,-2.38,9.66,13.62,-0.12,359.94,2.06,24.75,-9.00,-0.06,0.31,0.94,-0.02,-2.31,9.53,0.04,-0.07,0.13,-0.12,0.00,0.00,0.99,1.00,0.00,0.00,0.00,
59578.00,37.33,36.00,86146.09,0.22,0.00,-2.29,9.50,13.62,-0.12,359.94,2.88,24.38,-9.38,0.06,0.50,0.19,-0.02,-2.31,9.53,0.03,0.10,0.00,-0.12,0.00,0.00,0.99,1.00,0.00,0.00,0.00,
59596.00,37.32,36.00,86144.73,0.36,-0.02,-2.30,9.52,13.62,-0.12,359.94,2.88,24.38,-9.38,0.06,0.50,0.00,-0.02,-2.31,9.53,-0.02,0.07,-0.02,-0.12,0.00,0.00,0.99,1.00,0.00,0.00,0.00,
59611.00,37.32,36.00,86152.97,-0.45,-0.05,-2.14,9.54,13.62,-0.12,359.94,2.88,24.38,-9.38,0.25,0.44,-0.50,-0.02,-2.31,9.53,-0.02,0.16,0.01,-0.12,0.00,0.00,0.99,1.00,0.00,0.00,0.00,
59628.00,37.32,36.00,86144.73,0.36,-0.03,-2.22,9.27,13.62,-0.12,359.94,2.50,24.00,-9.38,0.31,0.38,0.38,-0.02,-2.31,9.53,-0.03,0.07,-0.25,-0.12,0.00,0.00,0.99,1.00,0.00,0.00,0.00,
59646.00,37.32,36.00,86150.22,-0.18,-0.05,-2.18,9.20,13.62,-0.12,359.94,2.50,24.00,-9.38,0.25,0.25,0.88,-0.02,-2.31,9.53,0.00,0.11,-0.09,-0.12,0.00,0.00,0.99,1.00,0.00,0.00,0.00,
59660.00,37.32,36.00,86142.69,0.56,-0.02,-2.18,9.51,13.56,-0.12,359.94,2.50,24.00,-9.38,0.12,-0.62,1.88,-0.02,-2.30,9.53,0.00,0.12,-0.01,-0.12,0.00,0.00,0.99,1.00,0.00,0.00,0.00,
59675.00,37.32,36.00,86145.43,0.29,0.00,-2.17,9.56,13.56,-0.12,359.94,1.75,24.75,-7.69,-0.06,-0.44,2.69,-0.02,-2.30,9.53,0.02,0.12,0.03,-0.12,0.00,0.00,0.99,1.00,0.00,0.00,0.00,
59692.00,37.32,36.00,86150.22,-0.18,-0.01,-2.26,9.52,13.50,-0.12,359.94,1.75,24.75,-7.69,-0.38,-0.12,3.75,-0.02,-2.28,9.53,0.01,0.02,-0.01,-0.12,0.00,0.00,0.99,1.00,0.00,0.00,0.00,
59709.00,37.32,36.00,86144.73,0.36,-0.01,-2.19,9.49,13.38,-0.12,359.94,1.75,24.75,-7.69,-0.31,0.00,3.50,-0.02,-2.27,9.53,0.01,0.09,-0.04,-0.12,0.00,0.00,0.99,1.00,0.00,0.00,0.00,
59724.00,37.32,36.00,86144.73,0.36,-0.06,-2.15,9.40,13.38,-0.12,359.94,1.75,23.25,-8.50,-0.38,-0.25,3.19,-0.02,-2.27,9.53,-0.03,0.12,-0.13,-0.12,0.00,0.00,0.99,1.00,0.00,0.00,0.00,
59739.00,37.32,36.00,86144.73,0.36,-0.04,-2.06,9.51,13.31,-0.12,359.94,1.75,23.25,-8.50,-0.50,-0.44,2.38,-0.02,-2.26,9.54,0.00,0.22,0.02,-0.12,0.00,0.00,0.99,1.00,0.00,0.00,0.00,
59756.00,37.33,36.00,86143.36,0.49,0.00,-2.10,9.53,13.31,-0.12,359.94,1.75,23.25,-8.50,-0.44,-0.31,2.12,-0.02,-2.26,9.54,0.03,0.02,-0.01,-0.12,0.00,0.00,0.99,1.00,0.00,0.00,0.00,
59773.00,37.32,36.00,86142.69,0.02,0.00,-2.22,9.48,13.25,-0.12,359.94,2.50,22.06,-8.50,-0.06,-0.12,1.12,-0.02,-2.25,9.54,0.02,0.02,-0.05,-0.12,0.00,0.00,0.99,1.00,0.00,0.00,0.00,
59791.00,37.32,36.00,86148.17,0.02,0.00,-2.21,9.55,13.25,-0.12,359.94,2.50,22.06,-8.50,0.12,-0.44,0.12,-0.02,-2.25,9.54,0.00,0.07,0.15,-0.12,0.00,0.00,0.99,1.00,0.00,0.00,0.00,
59808.00,37.32,36.00,86150.92,-0.25,0.00,-2.14,9.77,13.25,-0.12,359.94,2.50,22.06,-8.50,0.06,-0.25,-0.62,-0.02,-2.25,9.54,0.02,0.08,0.25,-0.12,0.00,0.00,0.99,1.00,0.00,0.00,0.00,
59827.00,37.33,36.00,86148.84,-0.04,0.02,-2.19,9.64,13.25,-0.12,359.94,2.06,22.50,-8.50,0.31,0.06,-1.06,-0.02,-2.25,9.54,0.07,0.09,-0.09,-0.12,0.00,0.00,0.99,1.00,0.00,0.00,0.00,
59844.00,37.33,36.00,86148.84,-0.04,0.01,-2.07,9.48,13.31,-0.12,359.94,2.06,22.50,-8.50,0.38,0.12,-1.62,-0.02,-2.26,9.54,0.04,0.19,-0.05,-0.12,0.00,0.00,0.99,1.00,0.00,0.00,0.00,
59860.00,37.33,36.00,86151.59,-0.31,-0.04,-2.04,9.43,13.38,-0.12,359.94,2.06,22.50,-8.50,0.25,0.19,-2.44,-0.02,-2.27,9.54,-0.04,0.19,0.00,-0.12,0.00,0.00,0.99,1.00,0.00,0.00,0.00,
59875.00,37.32,36.00,86142.69,0.56,-0.07,-2.12,9.54,13.38,-0.12,359.94,2.50,23.69,-9.38,0.19,0.25,-2.50,-0.02,-2.27,9.53,-0.04,0.14,0.00,-0.12,0.00,0.00,0.99,1.00,0.00,0.00,0.00,
59892.00,37.32,36.00,86147.48,0.09,-0.04,-2.17,9.42,13.44,-0.12,359.94,2.50,23.69,-9.38,0.25,0.06,-2.25,-0.02,-2.28,9.53,0.00,0.10,-0.14,-0.12,0.00,0.00,0.99,1.00,0.00,0.00,0.00,
59909.00,37.32,36.00,86142.69,0.56,-0.01,-2.19,9.38,13.44,-0.12,359.94,2.50,23.69,-9.38,0.19,-0.19,-2.38,-0.02,-2.28,9.53,0.00,0.08,-0.10,-0.12,0.00,0.00,0.99,1.00,0.00,0.00,0.00,
59924.00,37.33,36.00,86146.09,0.22,-0.02,-2.16,9.55,13.50,-0.12,359.94,2.50,23.69,-8.50,0.06,-0.50,-1.94,-0.02,-2.29,9.53,0.00,0.12,0.02,-0.12,0.00,0.00,0.99,1.00,0.00,0.00,0.00,
59938.00,37.33,36.00,86148.84,-0.04,0.00,-2.17,9.66,13.50,-0.12,359.94,2.50,23.69,-8.50,-0.12,-0.31,-1.44,-0.02,-2.29,9.53,0.03,0.09,0.16,-0.12,0.00,0.00,0.99,1.00,0.00,0.00,0.00,
59956.00,37.32,36.00,86148.17,0.02,0.00,-2.23,9.61,13.50,-0.12,359.94,2.50,23.69,-8.50,-0.31,-0.06,-1.19,-0.02,-2.29,9.53,0.02,0.06,0.08,-0.12,0.00,0.00,0.99,1.00,0.00,0.00,0.00,
59974.00,37.32,36.00,86144.73,0.36,0.00,-2.35,9.40,13.56,-0.12,359.94,2.06,22.50,-7.69,-0.12,0.50,-0.62,-0.02,-2.30,9.53,0.03,-0.05,-0.13,-0.12,0.00,0.00,0.99,1.00,0.00,0.00,0.00,
59990.00,37.31,36.00,86149.55,-0.11,0.00,-2.33,9.26,13.56,-0.12,359.94,2.06,22.50,-7.69,0.19,-0.06,0.12,-0.02,-2.30,9.53,0.00,0.13,-0.09,-0.12,0.00,0.00,0.99,1.00,0.00,0.00,0.00,
60008.00,37.33,36.00,86148.84,-0.04,-0.06,-2.10,9.50,13.56,-0.12,359.94,2.06,22.50,-7.69,0.12,-0.12,0.12,-0.02,-2.30,9.53,-0.01,0.20,0.08,-0.12,0.00,0.00,0.99,1.00,0.00,0.00,0.00,
60026.00,37.32,36.00,86147.48,0.09,-0.04,-2.12,9.69,13.56,-0.12,359.94,3.25,24.38,-8.50,-0.06,0.19,-0.25,-0.02,-2.30,9.53,-0.01,0.17,0.16,-0.12,0.00,0.00,0.99,1.00,0.00,0.00,0.00,
60042.00,37.32,36.00,86148.17,0.02,-0.01,-2.31,9.48,13.56,-0.12,359.94,3.25,24.38,-8.50,-0.25,0.56,-0.19,-0.02,-2.30,9.53,0.00,0.00,-0.14,-0.12,0.00,0.00,0.99,1.00,0.00,0.00,0.00,
60059.00,37.32,36.00,86142.69,0.56,-0.05,-2.27,9.31,13.56,-0.12,359.94,3.25,24.38,-8.50,0.12,-0.38,0.38,-0.02,-2.30,9.53,-0.02,0.07,-0.10,-0.12,0.00,0.00,0.99,1.00,0.00,0.00,0.00,
60078.00,37.33,36.00,86143.36,0.49,-0.03,-2.15,9.58,13.56,-0.12,359.94,2.50,22.88,-8.88,-0.06,-0.62,0.31,-0.02,-2.30,9.53,0.03,0.12,0.11,-0.12,0.00,0.00,0.99,1.00,0.00,0.00,0.00,
60095.00,37.33,36.00,86146.09,0.22,0.01,-2.19,9.60,13.56,-0.12,359.94,2.50,22.88,-8.88,-0.19,-0.25,0.31,-0.02,-2.30,9.53,0.04,0.10,0.07,-0.12,0.00,0.00,0.99,1.00,0.00,0.00,0.00,
60111.00,37.32,36.00,86148.17,0.02,0.01,-2.27,9.47,13.56,-0.12,359.94,2.50,22.88,-8.88,-0.12,0.00,-0.12,-0.02,-2.30,9.53,0.01,0.07,-0.14,-0.12,0.00,0.00,0.99,1.00,0.00,0.00,0.00,
60129.00,37.32,36.00,86145.43,0.29,-0.03,-2.18,9.43,13.56,-0.12,359.94,2.50,23.25,-9.38,0.12,-0.38,0.25,-0.02,-2.30,9.53,-0.01,0.15,-0.07,-0.12,0.00,0.00,0.99,1.00,0.00,0.00,0.00,
60147.00,37.33,36.00,86146.09,0.22,0.00,-2.17,9.68,13.56,-0.12,359.94,2.50,23.25,-9.38,0.12,-0.56,0.31,-0.02,-2.30,9.53,0.03,0.12,0.15,-0.12,0.00,0.00,0.99,1.00,0.00,0.00,0.00,
60162.00,37.33,36.00,86146.09,0.22,0.02,-2.28,9.60,13.56,-0.12,359.94,2.50,23.25,-9.38,-0.31,0.12,0.19,-0.02,-2.30,9.53,0.05,0.01,0.07,-0.12,0.00,0.00,0.99,1.00,0.00,0.00,0.00,
60180.00,37.32,36.00,86147.48,0.09,0.00,-2.27,9.47,13.56,-0.12,359.94,2.06,23.25,-9.38,0.12,-0.12,0.25,-0.02,-2.30,9.53,-0.01,0.12,-0.10,-0.12,0.00,0.00,0.99,1.00,0.00,0.00,0.00,
60197.00,37.31,36.00,86144.06,0.42,-0.05,-2.14,9.47,13.56,-0.12,359.94,2.06,23.25,-9.38,0.06,-0.25,-0.25,-0.02,-2.30,9.53,-0.02,0.15,-0.05,-0.12,0.00,0.00,0.99,1.00,0.00,0.00,0.00,
60212.00,37.33,36.00,86148.84,-0.04,0.00,-2.14,9.64,13.56,-0.12,359.94,2.06,23.25,-9.38,0.12,-0.12,-1.62,-0.02,-2.30,9.53,0.01,0.15,0.11,-0.12,0.00,0.00,0.99,1.00,0.00,0.00,0.00,
60226.00,37.32,36.00,86142.69,0.56,0.02,-2.13,9.61,13.56,-0.12,359.94,1.75,24.38,-9.38,0.00,0.06,-2.12,-0.02,-2.30,9.53,0.05,0.17,0.08,-0.12,0.00,0.00,0.99,1.00,0.00,0.00,0.00,
60243.00,37.33,36.00,86146.09,0.22,0.00,-2.18,9.54,13.62,-0.12,359.94,1.75,24.38,-9.38,0.19,0.62,-2.00,-0.02,-2.31,9.52,0.02,0.09,-0.11,-0.12,0.00,0.00,0.99,1.00,0.00,0.00,0.00,
60261.00,37.32,36.00,86148.17,0.02,-0.03,-2.25,9.43,13.69,-0.12,359.94,1.75,24.38,-9.38,0.06,0.19,-1.12,-0.02,-2.32,9.52,-0.02,0.04,-0.08,-0.12,0.00,0.00,0.99,1.00,0.00,0.00,0.00,
60278.00,37.33,36.00,86137.87,1.03,-0.01,-2.30,9.53,13.69,-0.12,359.94,1.75,24.75,-8.88,0.00,-0.06,-0.56,-0.02,-2.32,9.52,0.02,0.04,0.02,-0.12,0.00,0.00,0.99,1.00,0.00,0.00,0.00,
60295.00,37.32,36.00,86145.43,0.29,0.05,-2.30,9.56,13.69,-0.12,359.94,1.75,24.75,-8.88,-0.12,0.31,0.19,-0.02,-2.32,9.52,0.08,0.01,0.04,-0.12,0.00,0.00,0.99,1.00,0.00,0.00,0.00,
60311.00,37.32,36.00,86144.73,0.36,0.02,-2.27,9.52,13.62,-0.12,359.94,1.75,24.75,-8.88,-0.12,0.31,1.00,-0.02,-2.31,9.52,-0.01,0.07,-0.04,-0.12,0.00,0.00,0.99,1.00,0.00,0.00,0.00,
60329.00,37.33,36.00,86146.09,0.22,-0.07,-2.19,9.45,13.62,-0.12,359.94,2.50,23.69,-9.75,-0.12,0.19,0.94,-0.02,-2.31,9.52,-0.02,0.16,-0.05,-0.12,0.00,0.00,0.99,1.00,0.00,0.00,0.00,
60346.00,37.32,36.00,86141.98,0.63,-0.05,-2.16,9.47,13.62,-0.12,359.94,2.50,23.69,-9.75,-0.12,-0.12,-0.06,-0.02,-2.31,9.52,-0.02,0.15,-0.05,-0.12,0.00,0.00,0.99,1.00,0.00,0.00,0.00,
60362.00,37.32,36.00,86145.43,0.29,-0.01,-2.22,9.48,13.62,-0.12,359.94,2.50,23.69,-9.75,0.00,-0.25,-0.38,-0.02,-2.31,9.52,0.01,0.09,-0.04,-0.12,0.00,0.00,0.99,1.00,0.00,0.00,0.00,
60379.00,37.33,36.00,86143.36,0.49,-0.01,-2.16,9.47,13.62,-0.12,359.94,1.38,23.25,-8.88,-0.19,-0.44,0.25,-0.02,-2.31,9.52,0.00,0.14,-0.03,-0.12,0.00,0.00,0.99,1.00,0.00,0.00,0.00,
60397.00,37.33,36.00,86148.84,0.49,0.00,-2.16,9.55,13.62,-0.12,359.94,1.38,23.25,-8.88,-0.19,-0.31,0.25,-0.02,-2.31,9.52,0.01,0.15,0.02,-0.12,0.00,0.00,0.99,1.00,0.00,0.00,0.00,
60412.00,37.33,36.00,86146.09,0.22,0.00,-2.24,9.63,13.62,-0.12,359.94,1.38,23.25,-8.88,-0.19,-0.31,0.12,-0.02,-2.31,9.52,0.03,0.06,0.10,-0.12,0.00,0.00,0.99,1.00,0.00,0.00,0.00,
60430.00,37.32,36.00,86145.43,0.29,0.01,-2.25,9.49,13.62,-0.12,359.94,2.06,24.75,-9.75,0.00,0.38,-0.19,-0.02,-2.31,9.52,0.05,0.09,-0.06,-0.12,0.00,0.00,0.99,1.00,0.00,0.00,0.00,
60448.00,37.33,36.00,86148.84,-0.04,0.00,-2.19,9.49,13.62,-0.12,359.94,2.06,24.75,-9.75,0.12,0.06,-0.12,-0.02,-2.31,9.52,-0.01,0.11,0.01,-0.12,0.00,0.00,0.99,1.00,0.00,0.00,0.00,
60462.00,37.33,36.00,86148.84,-0.04,-0.02,-2.20,9.60,13.62,-0.12,359.94,2.06,24.75,-9.75,0.12,-0.19,-0.25,-0.02,-2.31,9.52,0.00,0.10,0.07,-0.12,0.00,0.00,0.99,1.00,0.00,0.00,0.00,
60480.00,37.32,36.00,86145.43,0.29,-0.02,-2.17,9.67,13.62,-0.12,359.94,1.75,24.38,-8.88,0.06,0.25,-0.38,-0.02,-2.31,9.52,0.05,0.09,0.00,-0.12,0.00,0.00,0.99,1.00,0.00,0.00,0.00,
60498.00,37.33,36.00,86151.59,-0.31,0.01,-2.24,9.43,13.62,-0.12,359.94,1.75,24.38,-8.88,0.06,0.31,-0.69,-0.02,-2.31,9.52,0.00,0.06,-0.12,-0.12,0.00,0.00,0.99,1.00,0.00,0.00,0.00,
60513.00,37.33,36.00,86154.33,-0.58,-0.05,-2.25,9.33,13.69,-0.12,359.94,1.75,24.38,-8.88,0.38,0.31,-1.00,-0.02,-2.32,9.52,-0.02,0.06,-0.19,-0.12,0.00,0.00,0.99,1.00,0.00,0.00,0.00,
60527.00,37.33,36.00,86146.09,0.22,-0.06,-2.16,9.43,13.69,-0.12,359.94,2.50,23.69,-7.69,0.25,0.00,-0.88,-0.02,-2.32,9.52,-0.03,0.16,-0.09,-0.12,0.00,0.00,0.99,1.00,0.00,0.00,0.00,
60545.00,37.33,36.00,86151.59,-0.31,-0.02,-2.19,9.56,13.69,-0.12,359.94,2.50,23.69,-7.69,-0.06,-0.31,-0.56,-0.02,-2.32,9.52,0.00,0.13,0.03,-0.12,0.00,0.00,0.99,1.00,0.00,0.00,0.00,
60561.00,37.33,36.00,86146.09,0.22,0.00,-2.21,9.55,13.69,-0.12,359.94,2.50,23.69,-7.69,-0.25,-0.12,0.88,-0.02,-2.32,9.52,0.04,0.06,-0.06,-0.12,0.00,0.00,0.99,1.00,0.00,0.00,0.00,
60575.00,37.33,36.00,86148.84,-0.04,0.00,-2.26,9.42,13.62,-0.12,359.94,2.50,24.75,-8.06,-0.31,-0.31,1.75,-0.02,-2.31,9.52,0.02,0.05,-0.10,-0.12,0.00,0.00,0.99,1.00,0.00,0.00,0.00,
60593.00,37.33,36.00,86152.25,-0.38,0.00,-2.28,9.45,13.62,-0.12,359.94,2.50,24.75,-8.06,-0.25,-0.44,1.94,-0.02,-2.31,9.52,0.03,0.11,0.08,-0.12,0.00,0.00,0.99,1.00,0.00,0.00,0.00,
60611.00,37.33,36.00,86146.09,0.22,0.00,-2.18,9.67,13.56,-0.12,359.94,2.50,24.75,-8.06,-0.12,-0.06,1.19,-0.02,-2.30,9.53,0.06,0.11,0.16,-0.12,0.00,0.00,0.99,1.00,0.00,0.00,0.00,
60628.00,37.32,36.00,86144.73,0.36,0.02,-2.14,9.66,13.56,-0.12,359.94,1.75,23.69,-8.88,-0.06,0.25,0.69,-0.02,-2.30,9.53,0.03,0.11,-0.11,-0.12,0.00,0.00,0.99,1.00,0.00,0.00,0.00,
60647.00,37.33,36.00,86146.09,0.22,-0.01,-2.25,9.28,13.56,-0.12,359.94,1.75,23.69,-8.88,0.12,0.44,-0.19,-0.02,-2.30,9.53,0.01,0.05,-0.24,-0.12,0.00,0.00,0.99,1.00,0.00,0.00,0.00,
60662.00,37.33,36.00,86146.77,0.16,-0.07,-2.21,9.30,13.56,-0.12,359.94,1.75,23.69,-8.88,0.06,-0.25,-0.69,-0.02,-2.30,9.53,-0.04,0.15,-0.11,-0.12,0.00,0.00,0.99,1.00,0.00,0.00,0.00,
60680.00,37.33,36.00,86143.36,0.49,0.00,-2.11,9.73,13.62,-0.12,359.94,1.75,23.69,-8.06,-0.06,-0.38,-1.31,-0.02,-2.31,9.52,0.04,0.16,0.22,-0.12,0.00,0.00,0.99,1.00,0.00,0.00,0.00,
60699.00,37.33,36.00,86144.02,0.43,0.03,-2.21,9.67,13.62,-0.12,359.94,1.75,23.69,-8.06,-0.19,0.00,-1.38,-0.02,-2.31,9.52,0.04,0.02,-0.05,-0.12,0.00,0.00,0.99,1.00,0.00,0.00,0.00,
60713.00,37.33,36.00,86144.02,0.43,0.01,-2.30,9.40,13.62,-0.12,359.94,1.75,23.69,-8.06,0.06,0.31,-1.50,-0.02,-2.32,9.52,0.04,0.01,-0.12,-0.12,0.00,0.00,0.99,1.00,0.00,0.00,0.00,
60728.00,37.33,36.00,86143.36,0.49,-0.01,-2.27,9.35,13.69,-0.12,359.94,1.75,23.69,-9.38,0.50,0.25,-1.38,-0.02,-2.32,9.52,0.00,0.04,-0.16,-0.12,0.00,0.00,0.99,1.00,0.00,0.00,0.00,
60746.00,37.33,36.00,86148.84,-0.04,-0.04,-2.12,9.56,13.69,-0.12,359.94,1.75,23.69,-9.38,0.31,-0.44,-0.94,-0.02,-2.32,9.52,-0.02,0.20,0.04,-0.12,0.00,0.00,0.99,1.00,0.00,0.00,0.00,
60762.00,37.32,36.00,86142.69,0.56,0.00,-2.14,9.64,13.69,-0.12,359.94,1.75,23.69,-9.38,-0.19,0.19,-1.12,-0.02,-2.32,9.52,0.03,0.10,0.11,-0.12,0.00,0.00,0.99,1.00,0.00,0.00,0.00,
60780.00,37.32,36.00,86142.69,0.56,0.00,-2.26,9.46,13.69,-0.12,359.94,2.06,24.00,-7.25,-0.25,0.44,-0.25,-0.02,-2.33,9.52,0.03,-0.03,-0.21,-0.12,0.00,0.00,0.99,1.00,0.00,0.00,0.00,
60797.00,37.33,36.00,86143.36,0.49,-0.01,-2.34,9.26,13.69,-0.12,359.94,2.06,24.00,-7.25,-0.06,0.12,0.50,-0.02,-2.33,9.52,0.01,-0.01,-0.26,-0.12,0.00,0.00,0.99,1.00,0.00,0.00,0.00,
60813.00,37.33,36.00,86148.84,-0.04,-0.04,-2.30,9.35,13.69,-0.12,359.94,2.06,24.00,-7.25,-0.06,-0.75,1.88,-0.02,-2.32,9.52,-0.01,0.08,-0.03,-0.12,0.00,0.00,0.99,1.00,0.00,0.00,0.00,
60828.00,37.33,36.00,86148.84,-0.04,-0.05,-2.14,9.72,13.69,-0.12,359.94,2.50,22.50,-10.19,-0.06,-0.75,1.94,-0.02,-2.32,9.52,-0.02,0.17,0.19,-0.12,0.00,0.00,0.99,1.00,0.00,0.00,0.00,
60845.00,37.33,36.00,86148.84,-0.04,-0.05,-2.14,9.71,13.62,-0.12,359.94,2.50,22.50,-10.19,-0.50,0.12,1.56,-0.02,-2.31,9.52,-0.01,0.13,0.05,-0.12,0.00,0.00,0.99,1.00,0.00,0.00,0.00,
60862.00,37.33,36.00,86148.84,-0.04,0.00,-2.21,9.38,13.62,-0.12,359.94,2.50,22.50,-10.19,-0.19,0.19,0.88,-0.02,-2.31,9.52,0.05,0.08,-0.16,-0.12,0.00,0.00,0.99,1.00,0.00,0.00,0.00,
60880.00,37.33,36.00,86148.84,0.76,0.00,-2.19,9.39,13.62,-0.12,359.94,2.06,23.25,-8.06,0.06,-0.75,0.38,-0.02,-2.31,9.53,0.01,0.16,-0.09,-0.12,0.00,0.00,0.99,1.00,0.00,0.00,0.00,
60898.00,37.32,36.00,86150.92,-0.25,0.01,-2.12,9.66,13.62,-0.12,359.94,2.06,23.25,-8.06,0.12,-0.81,0.25,-0.02,-2.31,9.53,0.03,0.18,0.13,-0.12,0.00,0.00,0.99,1.00,0.00,0.00,0.00,
60913.00,37.33,36.00,86149.51,-0.11,0.03,-2.13,9.74,13.62,-0.06,359.94,2.06,23.25,-8.06,-0.12,-0.25,-0.75,-0.02,-2.31,9.52,0.06,0.11,0.27,-0.12,0.00,0.00,0.99,1.00,0.00,0.00,0.00,
60932.00,37.33,36.00,86146.09,0.22,0.02,-2.23,9.72,13.62,-0.06,359.94,1.75,23.25,-8.50,0.06,0.56,-1.06,-0.02,-2.31,9.52,0.03,0.02,-0.08,-0.12,0.00,0.00,0.99,1.00,0.00,0.00,0.00,
60950.00,37.34,36.00,86147.44,0.09,0.00,-2.24,9.30,13.62,-0.12,359.94,1.75,23.25,-8.50,0.31,0.75,-0.88,-0.02,-2.31,9.52,0.00,0.09,-0.18,-0.12,0.00,0.00,0.99,1.00,0.00,0.00,0.00,
60964.00,37.33,36.00,86146.77,0.16,-0.04,-2.20,9.40,13.69,-0.12,359.94,1.75,23.25,-8.50,0.38,0.12,-1.25,-0.02,-2.32,9.52,-0.02,0.11,-0.12,-0.12,0.00,0.00,0.99,1.00,0.00,0.00,0.00,
60979.00,37.33,36.00,86144.02,0.43,-0.05,-2.13,9.53,13.69,-0.12,359.94,1.38,24.00,-8.50,0.25,0.00,-1.62,-0.02,-2.32,9.52,-0.02,0.19,0.05,-0.12,0.00,0.00,0.99,1.00,0.00,0.00,0.00,
60996.00,37.33,36.00,86144.02,0.43,0.00,-2.19,9.52,13.69,-0.12,359.94,1.38,24.00,-8.50,0.00,-0.12,-1.50,-0.02,-2.32,9.52,0.01,0.13,0.00,-0.12,0.00,0.00,0.99,1.00,0.00,0.00,0.00,
61013.00,37.34,36.00,86150.18,-0.17,0.01,-2.33,9.37,13.75,-0.12,359.94,1.38,24.00,-8.50,-0.06,-0.19,-0.50,-0.02,-2.33,9.52,0.02,-0.01,-0.19,-0.12,0.00,0.00,0.99,1.00,0.00,0.00,0.00,
61030.00,37.33,36.00,86149.51,-0.11,0.00,-2.31,9.40,13.75,-0.12,359.94,2.50,24.00,-7.69,-0.12,-0.38,0.25,-0.02,-2.33,9.52,0.00,0.08,0.01,-0.12,0.00,0.00,0.99,1.00,0.00,0.00,0.00,
61048.00,37.34,36.00,86144.69,0.36,0.00,-2.16,9.65,13.69,-0.12,359.94,2.50,24.00,-7.69,-0.25,-0.44,0.75,-0.02,-2.32,9.52,0.01,0.16,0.12,-0.12,0.00,0.00,0.99,1.00,0.00,0.00,0.00,
61064.00,37.33,36.00,86143.36,0.49,0.00,-2.19,9.52,13.69,-0.12,359.94,2.50,24.00,-7.69,-0.31,-0.06,1.31,-0.02,-2.32,9.52,0.01,0.12,0.00,-0.12,0.00,0.00,0.99,1.00,0.00,0.00,0.00,
61078.00,37.33,36.00,86144.02,0.43,0.00,-2.22,9.39,13.69,-0.12,359.94,2.06,23.69,-7.69,-0.44,0.25,1.62,-0.02,-2.32,9.52,0.03,0.09,-0.13,-0.12,0.00,0.00,0.99,1.00,0.00,0.00,0.00,
61095.00,37.33,36.00,86146.77,0.16,-0.03,-2.25,9.26,13.62,-0.12,359.94,2.06,23.69,-7.69,-0.31,-0.44,2.50,-0.02,-2.31,9.52,-0.04,0.10,-0.13,-0.12,0.00,0.00,0.99,1.00,0.00,0.00,0.00,
61113.00,37.33,36.00,86143.36,0.49,-0.08,-2.14,9.55,13.56,-0.06,359.94,2.06,23.69,-7.69,-0.44,-0.94,2.25,-0.01,-2.30,9.53,-0.06,0.24,0.17,-0.12,0.00,0.00,0.99,1.00,0.00,0.00,0.00,
61127.00,37.34,36.00,86145.36,0.30,0.00,-2.15,9.75,13.56,-0.06,359.94,2.50,24.38,-9.00,-0.62,-0.69,1.94,-0.01,-2.30,9.53,0.00,0.15,0.21,-0.12,0.00,0.00,0.99,1.00,0.00,0.00,0.00,
61144.00,37.33,36.00,86146.77,0.16,0.06,-2.25,9.63,13.50,-0.06,0.00,2.50,24.38,-9.00,-0.56,-0.25,1.44,-0.01,-2.29,9.53,0.09,-0.01,-0.01,-0.12,0.00,0.00,0.99,1.00,0.00,0.00,0.00,
61162.00,37.34,36.00,86144.69,0.36,0.08,-2.18,9.53,13.50,-0.06,0.00,2.50,24.38,-9.00,-0.19,-0.50,0.62,-0.01,-2.29,9.53,0.07,0.20,0.16,-0.12,0.00,0.00,0.99,1.00,0.00,0.00,0.00,
61179.00,37.34,36.00,86150.84,-0.24,0.06,-2.10,9.78,13.50,-0.06,0.00,1.75,23.25,-8.50,0.12,-0.31,-0.75,-0.01,-2.29,9.53,0.07,0.19,0.24,-0.12,0.00,0.00,0.99,1.00,0.00,0.00,0.00,
61195.00,37.34,36.00,86147.44,0.09,-0.01,-2.17,9.49,13.56,-0.06,0.00,1.75,23.25,-8.50,0.31,1.25,-3.44,-0.01,-2.30,9.53,0.00,0.13,-0.03,-0.12,0.00,-0.00,0.99,1.00,0.00,0.00,0.00,
61212.00,37.34,36.00,86145.36,0.30,-0.04,-2.13,9.34,13.62,-0.12,359.94,1.75,23.25,-8.50,0.88,1.50,-5.00,-0.02,-2.31,9.52,-0.06,0.15,-0.36,-0.12,0.00,0.00,0.99,1.00,0.00,0.00,0.00,
61227.00,37.34,36.00,86144.69,0.36,-0.05,-2.12,9.09,13.69,-0.12,359.94,1.75,23.25,-10.19,0.69,0.88,-5.12,-0.02,-2.32,9.52,-0.03,0.20,-0.43,-0.12,0.00,0.00,0.99,1.00,0.00,0.00,0.00,
61244.00,37.34,36.00,86144.69,0.36,-0.02,-2.15,9.52,13.81,-0.12,359.94,1.75,23.25,-10.19,0.44,-0.62,-5.12,-0.02,-2.34,9.52,-0.02,0.22,0.15,-0.12,0.00,0.00,0.99,1.00,0.00,0.00,0.00,
61262.00,37.34,36.00,86144.69,0.36,-0.05,-2.12,9.83,13.81,-0.12,359.94,1.75,23.25,-10.19,-0.19,0.25,-4.88,-0.02,-2.35,9.51,-0.04,0.17,0.26,-0.12,0.00,0.00,0.99,1.00,0.00,0.00,0.00,
61276.00,37.34,36.00,86141.95,0.63,0.00,-2.30,9.44,13.94,-0.12,359.94,2.50,23.25,-8.50,-0.50,0.69,-4.12,-0.02,-2.36,9.51,0.01,0.06,-0.07,-0.12,0.00,0.00,0.99,1.00,0.00,0.00,0.00,
61294.00,37.34,36.00,86139.88,0.83,-0.02,-2.33,9.27,14.00,-0.12,359.94,2.50,23.25,-8.50,-0.50,-0.12,-2.56,-0.02,-2.37,9.51,-0.01,0.00,-0.34,-0.12,0.00,0.00,0.99,1.00,0.00,0.00,0.00,
61312.00,37.34,36.00,86148.11,0.03,-0.02,-2.37,9.32,14.00,-0.12,359.94,2.50,23.25,-8.50,-0.31,-0.69,-1.50,-0.02,-2.38,9.51,0.03,0.05,0.00,-0.12,0.00,0.00,0.99,1.00,0.00,0.00,0.00,
61329.00,37.34,36.00,86141.95,0.63,0.03,-2.34,9.65,14.06,-0.12,359.94,2.06,23.69,-8.06,-0.25,-0.69,-1.19,-0.02,-2.38,9.51,0.06,0.03,0.13,-0.12,0.00,0.00,0.99,1.00,0.00,0.00,0.00,
61348.00,37.34,36.00,86144.69,0.36,0.09,-2.33,9.64,14.06,-0.12,359.94,2.06,23.69,-8.06,0.00,-0.19,-0.44,-0.02,-2.38,9.51,0.11,0.04,0.12,-0.12,0.00,0.00,0.99,1.00,0.00,0.00,0.00,
61364.00,37.34,36.00,86147.44,0.09,0.02,-2.37,9.56,14.06,-0.12,359.94,2.06,23.69,-8.06,0.12,0.31,0.12,-0.02,-2.38,9.51,0.02,0.02,0.07,-0.12,0.00,0.00,0.99,1.00,0.00,0.00,0.00,
61381.00,37.34,36.00,86139.88,0.83,0.00,-2.32,9.58,14.06,-0.12,359.94,1.38,23.69,-9.38,0.25,0.50,-0.25,-0.02,-2.38,9.51,0.06,0.11,-0.06,-0.12,0.00,0.00,0.99,1.00,0.00,0.00,0.00,
61399.00,37.34,36.00,86150.18,-0.17,0.00,-2.30,9.39,14.06,-0.12,359.94,1.38,23.69,-9.38,0.31,0.50,0.00,-0.02,-2.38,9.51,0.01,0.07,-0.11,-0.12,0.00,0.00,0.99,1.00,0.00,0.00,0.00,
61414.00,37.34,36.00,86145.36,0.30,-0.08,-2.32,9.41,14.06,-0.12,359.94,1.38,23.69,-9.38,0.44,-0.06,-0.69,-0.02,-2.38,9.51,-0.10,0.14,0.00,-0.12,0.00,0.00,0.99,1.00,0.00,0.00,0.00,
61432.00,37.34,36.00,86144.69,0.36,-0.07,-2.19,9.50,14.06,-0.12,359.94,2.06,24.00,-8.50,0.31,-0.12,-1.06,-0.02,-2.38,9.51,-0.03,0.17,-0.03,-0.12,0.00,0.00,0.99,1.00,0.00,0.00,0.00,
61450.00,37.34,36.00,86150.18,-0.17,-0.03,-2.17,9.37,14.06,-0.12,359.94,2.06,24.00,-8.50,0.12,0.38,-0.81,-0.02,-2.38,9.51,-0.01,0.21,-0.13,-0.12,0.00,0.00,0.99,1.00,0.00,0.00,0.00,
61465.00,37.34,36.00,86136.46,1.17,-0.02,-2.23,9.33,14.06,-0.12,359.94,2.06,24.00,-8.50,-0.19,-0.31,0.00,-0.02,-2.38,9.51,0.00,0.14,-0.17,-0.12,0.00,0.00,0.99,1.00,0.00,0.00,0.00,
61482.00,37.34,36.00,86147.44,0.09,-0.04,-2.30,9.35,14.06,-0.12,359.94,2.06,24.38,-9.38,-0.25,-0.69,0.88,-0.02,-2.38,9.51,0.00,0.10,-0.11,-0.12,0.00,0.00,0.99,1.00,0.00,0.00,0.00,
61500.00,37.34,36.00,86139.20,0.90,-0.02,-2.30,9.58,14.00,-0.12,359.94,2.06,24.38,-9.38,-0.12,-0.75,1.19,-0.02,-2.38,9.51,0.00,0.08,0.07,-0.12,0.00,0.00,0.99,1.00,0.00,0.00,0.00,
61515.00,37.34,36.00,86141.95,0.63,0.02,-2.40,9.63,14.00,-0.12,359.94,2.06,24.38,-9.38,-0.25,-0.50,0.81,-0.02,-2.37,9.51,0.04,-0.02,0.11,-0.12,0.00,0.00,0.99,1.00,0.00,0.00,0.00,
61532.00,37.33,36.00,86141.28,0.70,0.06,-2.36,9.65,14.00,-0.12,359.94,2.50,24.38,-8.88,-0.06,-0.06,1.88,-0.02,-2.37,9.51,0.10,-0.04,-0.06,-0.12,0.00,0.00,0.99,1.00,0.00,0.00,0.00,
61550.00,37.34,36.00,86145.36,0.30,0.08,-2.49,9.55,13.94,-0.06,359.94,2.50,24.38,-8.88,0.00,0.12,2.06,-0.02,-2.37,9.51,0.10,-0.12,0.03,-0.12,0.00,0.00,0.99,1.00,0.00,0.00,0.00,
61565.00,37.34,36.00,86144.69,0.36,-0.10,-2.55,9.38,13.94,-0.12,359.94,2.50,24.38,-8.88,0.75,0.38,1.81,-0.02,-2.36,9.51,-0.07,-0.18,-0.13,-0.12,0.00,0.00,0.99,1.00,0.00,0.00,0.00,
